kV
1.47648230602 1.47648230602 1.47648230602 1.47648230602 1.47648230602 1.47648230602 

kP
0.545 0.545 0.545 0.545 0.545 0.545 

Mu_t
0.0 5.33230562754 10.6646112551 15.9969168826 21.3292225102 26.6615281377 31.9938337653 37.3261393928 42.6584450204 47.9907506479 53.3230562754 58.655361903 63.9876675305 69.3199731581 74.6522787856 79.9845844132 85.3168900407 90.6491956683 95.9815012958 101.313806923 

Sigma_t
5.06569034617 

5.06569034617 

5.06569034617 

5.06569034617 

5.06569034617 

5.06569034617 

5.06569034617 

5.06569034617 

5.06569034617 

5.06569034617 

5.06569034617 

5.06569034617 

5.06569034617 

5.06569034617 

5.06569034617 

5.06569034617 

5.06569034617 

5.06569034617 

5.06569034617 

5.06569034617 

Mu_x
-0.176631723048 -0.180998923101 -0.127763241753 -0.103902201742 -0.0810036989827 -0.0679154818516 -0.0570717251053 -0.0480525540623 -0.0429963740032 -0.028009561851 -0.057599202897 0.0872904385488 0.0648843904422 0.123052672273 0.136996227361 0.0990010867187 0.0150326571141 0.157082283271 0.0605858988963 0.0655107177731 
-0.363562561893 -0.372713870167 -0.359503830052 -0.334267306258 -0.313934152195 -0.300316825228 -0.272186363284 -0.24916061941 -0.236333426637 -0.216144032482 -0.180381721125 -0.181322701358 -0.160128995406 -0.142201882244 -0.114880857393 -0.058029641365 0.125613459996 0.113502373054 0.0178667820218 0.0310248899223 
0.550855654812 0.543099740837 0.492576245293 0.622962294543 0.54180946035 0.529745954318 0.546623557613 0.541005745582 0.537502359112 0.530560511982 0.554469315727 0.487654030209 0.440148120343 0.429057651847 0.386638109179 0.389619458348 0.343270228701 0.18949653088 -0.0299610261962 0.00352046275927 
1.33183328442 1.34544858807 1.41265363319 1.43393102802 1.46978357545 1.49044621718 1.62043178453 1.60902719098 1.55794345936 1.58935401498 1.54911478141 1.56586138518 1.41975170592 1.90217453826 -1.31905644911 -1.43637127461 -3.62587263664 -2.97661253614 -3.14147983283 -3.10862697838 
0.623095168666 0.617885444003 0.553241615448 0.480216007972 0.384669215491 0.338670164884 0.320335909528 0.212484791145 0.149110456427 0.141079698814 0.106171898386 0.141458498653 0.116836666901 0.0938640818079 0.0345227776455 0.0384044536941 0.0359772170873 0.0389275209401 0.0411065113821 0.0370629025403 
-0.0654728439679 0.0808502101199 0.0849204128374 -0.246062564684 -0.51488330617 0.209577012341 1.05256395323 0.827093185955 0.729374875152 1.08602076059 0.998225306149 0.871671207416 0.977208678568 -1.44376453124 -0.544796602317 -0.865787636142 -0.708436681286 -0.698479990178 -0.781411973534 0.531519428292 

Wp
0.678048902921 -0.051131218635 -0.076493183064 0.02228423837 -0.0890336713116 0.0504103861557 
-0.051131218635 0.937939598132 -0.0574684271209 -0.00483088699457 -0.0599212455541 0.027641071717 
-0.076493183064 -0.0574684271209 0.939443944071 -0.0591044414225 -0.0815529206957 0.0283395514241 
0.02228423837 -0.00483088699457 -0.0591044414225 0.23145941443 -0.294361087566 -0.0257303491458 
-0.0890336713116 -0.0599212455541 -0.0815529206957 -0.294361087566 0.822276295616 0.0282946387332 
0.0504103861557 0.027641071717 0.0283395514241 -0.0257303491458 0.0282946387332 0.173409251427 

0.476531675353 -0.0629243093491 -0.0809926257451 0.0263859401734 -0.0651743881589 0.0254403902466 
-0.0629243093491 0.902659945934 -0.107661726317 0.00720276927889 -0.072227172292 0.0202522377324 
-0.0809926257451 -0.107661726317 0.852178775112 -0.0341049066275 -0.112573529987 0.0160449685336 
0.0263859401734 0.00720276927889 -0.0341049066275 0.214181284035 -0.276214047365 -0.014035606159 
-0.0651743881589 -0.072227172292 -0.112573529987 -0.276214047365 0.790489400555 0.0164308433341 
0.0254403902466 0.0202522377324 0.0160449685336 -0.014035606159 0.0164308433341 0.128367895077 

0.471005033484 -0.092421212182 -0.073037695204 0.00308259213968 0.018465195631 0.00585189512143 
-0.092421212182 0.872101529687 -0.145683130618 -0.0164073030188 -0.0133359739609 0.00468119713133 
-0.073037695204 -0.145683130618 0.784939915673 -0.0532629146755 -0.0479962961644 0.00628686062823 
0.00308259213968 -0.0164073030188 -0.0532629146755 0.206143821757 -0.265689581643 -0.00201054533201 
0.018465195631 -0.0133359739609 -0.0479962961644 -0.265689581643 0.782648066424 -0.00134996802525 
0.00585189512143 0.00468119713133 0.00628686062823 -0.00201054533201 -0.00134996802525 0.0966620485664 

0.482759302881 -0.0714850676716 -0.0101698902218 -0.0180260923163 0.0561663559005 0.00401332628008 
-0.0714850676716 0.814164218699 -0.127634429136 -0.0573176857622 0.0698685711588 0.00645212340857 
-0.0101698902218 -0.127634429136 0.564759422711 -0.0330101660098 0.0477896168732 0.00473031174399 
-0.0180260923163 -0.0573176857622 -0.0330101660098 0.193662282913 -0.254206962168 -0.00319559332365 
0.0561663559005 0.0698685711588 0.0477896168732 -0.254206962168 0.766884778165 -0.00021834731517 
0.00401332628008 0.00645212340857 0.00473031174399 -0.00319559332365 -0.00021834731517 0.0956165647527 

0.48356159382 -0.0745149372455 -0.00204924041437 -0.00538498982173 0.0285852599192 0.00773514805336 
-0.0745149372455 0.847837847629 -0.178461006881 -0.0541975405429 0.0679976276472 0.00244368113213 
-0.00204924041438 -0.178461006881 0.719439558751 -0.0593962489583 0.0871152988623 0.00432688725767 
-0.00538498982173 -0.0541975405429 -0.0593962489583 0.180163227656 -0.231123644973 -0.00433689252241 
0.0285852599192 0.0679976276472 0.0871152988623 -0.231123644973 0.763971319891 -0.00502269252426 
0.00773514805336 0.00244368113213 0.00432688725767 -0.00433689252241 -0.00502269252426 0.101321016428 

0.471408642429 -0.0620536781828 -0.00650732100871 0.0198754659655 -0.0317905179859 8.08394567139e-05 
-0.0620536781828 0.851746489076 -0.1932493109 -0.055114148193 0.0742543162894 -2.068011905e-05 
-0.00650732100871 -0.1932493109 0.686284198157 -0.059257840945 0.109815091311 -0.000166469968666 
0.0198754659655 -0.055114148193 -0.059257840945 0.172691754353 -0.230967203412 5.08684259666e-05 
-0.0317905179859 0.0742543162894 0.109815091311 -0.230967203412 0.802445400006 -0.000167840419978 
8.08394567139e-05 -2.068011905e-05 -0.000166469968666 5.08684259666e-05 -0.000167840419978 0.0900746053199 

0.476544734114 -0.0349011972788 0.00383846980464 0.037552639508 -0.103378663154 0.000110902507316 
-0.0349011972788 0.856786646199 -0.201601029712 -0.057961929736 0.0745018831982 -7.40154741259e-05 
0.00383846980464 -0.201601029712 0.665816831048 -0.0484400319152 0.125436885167 -0.000142639360093 
0.037552639508 -0.057961929736 -0.0484400319152 0.152893238882 -0.192125248508 7.97643085896e-05 
-0.103378663154 0.0745018831982 0.125436885167 -0.192125248508 0.762527675824 7.911263066e-06 
0.000110902507316 -7.40154741259e-05 -0.000142639360093 7.97643085896e-05 7.91126306602e-06 0.0901348538601 

0.501271431345 -0.0424119181548 -0.0110901361239 0.0529552206802 -0.115667111187 0.0330776473662 
-0.0424119181548 0.871502385729 -0.194377221581 -0.0703977058237 0.0632970781269 -0.0205810003803 
-0.0110901361239 -0.194377221581 0.668135560426 -0.0545687457309 0.123687184272 -0.0364074090251 
0.0529552206802 -0.0703977058237 -0.0545687457309 0.149160043382 -0.169527931559 0.0159989431254 
-0.115667111187 0.0632970781269 0.123687184272 -0.169527931559 0.816848257095 0.0338814839565 
0.0330776473662 -0.0205810003803 -0.0364074090251 0.0159989431254 0.0338814839565 0.142659311202 

0.503914011131 -0.0295871217914 0.0017396537109 0.0542377167435 -0.16346401438 0.0217834195842 
-0.0295871217914 0.858448522439 -0.203590499102 -0.0715401224454 0.0814199122931 -0.0135877134818 
0.0017396537109 -0.203590499102 0.651232044352 -0.049024282026 0.136744134623 -0.0360320520522 
0.0542377167435 -0.0715401224454 -0.049024282026 0.139850002317 -0.132693102886 0.0241832754748 
-0.16346401438 0.0814199122931 0.136744134623 -0.132693102886 0.697447825508 0.010037975569 
0.0217834195842 -0.0135877134818 -0.0360320520522 0.0241832754748 0.010037975569 0.146068589045 

0.52985222403 -0.0156391405147 0.0150055484642 0.049973526384 -0.198395965628 0.015525182004 
-0.0156391405147 0.866626475961 -0.209469986607 -0.0592402916497 0.0742300594192 -0.00390898313985 
0.0150055484642 -0.209469986607 0.609909950614 -0.0265988238914 0.141887594598 -0.00749136717737 
0.049973526384 -0.0592402916497 -0.0265988238914 0.120401482034 -0.111565688421 0.00560324540019 
-0.198395965628 0.0742300594192 0.141887594598 -0.111565688421 0.723951289567 0.0123501981991 
0.015525182004 -0.00390898313985 -0.00749136717737 0.00560324540019 0.0123501981991 0.109008041836 

0.500281103165 -0.0401098235078 0.0355191112212 0.041450362682 -0.159953740447 0.0223407422932 
-0.0401098235078 0.862863652128 -0.21111827894 -0.0549753799636 0.0832111191209 -0.00503607032881 
0.0355191112212 -0.21111827894 0.600109716216 -0.0229480816702 0.16881749327 -0.0129058513313 
0.041450362682 -0.0549753799636 -0.0229480816702 0.114660401603 -0.0891879235811 0.0119421291531 
-0.159953740447 0.0832111191209 0.16881749327 -0.0891879235811 0.749608026053 0.00694771283425 
0.0223407422932 -0.00503607032881 -0.0129058513313 0.0119421291531 0.00694771283425 0.119423671786 

0.485657543391 -0.0478956489279 -0.0495660955436 0.0139574070334 -0.028641165783 0.013488279609 
-0.0478956489279 0.822067295774 -0.194176150359 -0.0473122434476 0.0781938646175 -0.0070510390968 
-0.0495660955436 -0.194176150359 0.653309000768 -0.0146848587487 0.135305686338 -0.0256464175097 
0.0139574070334 -0.0473122434476 -0.0146848587487 0.107029331247 -0.047749464392 0.0150506595981 
-0.028641165783 0.0781938646175 0.135305686338 -0.047749464392 0.732483807533 0.0348597974492 
0.013488279609 -0.0070510390968 -0.0256464175097 0.0150506595981 0.0348597974492 0.13420480753 

0.508586172223 -0.0450311075069 -0.0865493832235 0.0073512750575 -0.027297016152 0.00023843977389 
-0.0450311075069 0.84146687038 -0.198217501333 -0.0433478643064 0.108981970644 -0.000335197945329 
-0.0865493832235 -0.198217501333 0.701839700298 0.00947746317586 0.111565967719 -0.000156024189115 
0.0073512750575 -0.0433478643064 0.00947746317586 0.0986876850144 -0.0416258985252 0.000527154477729 
-0.027297016152 0.108981970644 0.111565967719 -0.0416258985252 0.79640958805 0.000642170005549 
0.00023843977389 -0.000335197945329 -0.000156024189115 0.000527154477729 0.000642170005549 0.0912290360918 

0.862328859471 -0.0917619293721 -0.178252338531 0.000544410280685 0.0500252693354 2.35846323568e-06 
-0.0917619293721 0.671952785509 -0.108554691652 -0.0102417589174 -0.0169410803865 -0.000242678430296 
-0.178252338531 -0.108554691652 0.614257459374 0.00414431310834 0.0733141495372 0.000135907992302 
0.000544410280685 -0.0102417589174 0.00414431310834 0.0916715519498 -0.00522993380028 -5.08135131508e-06 
0.0500252693354 -0.0169410803865 0.0733141495372 -0.00522993380028 0.813717000648 -8.38121117909e-05 
2.35846323563e-06 -0.000242678430297 0.000135907992302 -5.08135131508e-06 -8.3812111791e-05 0.0900180805158 

0.848514093513 -0.073999197783 -0.117170547444 -0.000429973270073 0.065553040135 0.00329183009754 
-0.073999197783 0.691938228506 -0.157792404049 -0.000194529033601 0.0070591077413 -0.0336386974662 
-0.117170547444 -0.157792404049 0.506271989571 -0.000166716187666 -0.00141963163652 0.0130149592834 
-0.000429973270073 -0.000194529033601 -0.000166716187666 0.0900302420288 0.000115189262826 -4.15759468826e-05 
0.065553040135 0.0070591077413 -0.00141963163652 0.000115189262826 0.903559027607 -0.0173114532666 
0.00329183009754 -0.0336386974662 0.0130149592834 -4.15759468827e-05 -0.0173114532666 0.104769388589 

0.553166731556 -0.0119642511273 -0.0509911904383 -0.000198142619121 0.0204438067118 -0.0055746112467 
-0.0119642511273 0.815073811629 -0.17058850582 -0.000226305785033 0.0263507777709 0.0013730591051 
-0.0509911904383 -0.17058850582 0.552570488037 -0.000673158230933 0.0222642764717 0.0184790591444 
-0.000198142619121 -0.000226305785033 -0.000673158230933 0.0900812809719 0.000106299208623 -0.000119180076567 
0.0204438067118 0.0263507777709 0.0222642764717 0.000106299208623 0.982041962658 -0.0249424946893 
-0.0055746112467 0.0013730591051 0.0184790591444 -0.000119180076567 -0.0249424946893 0.108020970959 

0.701797302715 0.0390147857949 -0.00599706470591 -0.00285018470435 0.00233342919851 0.00363138691154 
0.0390147857949 0.732262620904 0.00302831865391 -0.00018958086436 -0.0199086105563 0.00957906291901 
-0.00599706470591 0.00302831865391 0.48995438348 3.93109157368e-05 0.0249241098545 0.00646205228258 
-0.00285018470435 -0.00018958086436 3.93109157368e-05 0.0900610095727 0.000182283787718 -1.79213429006e-06 
0.00233342919851 -0.0199086105563 0.0249241098545 0.000182283787718 0.976476422321 -0.0221508303595 
0.00363138691154 0.00957906291901 0.00646205228258 -1.79213429016e-06 -0.0221508303595 0.104295176768 

0.610642317432 0.0271307176577 0.0354015835581 -0.00365362323404 0.0238030074848 0.0425371739553 
0.0271307176577 0.761450012593 -0.000665515072234 -0.00320037499545 -0.0154025461021 -0.00917018496656 
0.0354015835581 -0.000665515072235 0.609533438066 -0.00298627353365 0.0115416391944 -0.0236555948373 
-0.00365362323404 -0.00320037499545 -0.00298627353365 0.139502199589 1.45554042176e-05 -0.0005689484317 
0.0238030074848 -0.0154025461021 0.0115416391944 1.45554042176e-05 0.978656571644 -0.0273247155523 
0.0425371739553 -0.00917018496656 -0.0236555948373 -0.0005689484317 -0.0273247155523 0.112420235236 

0.719617168663 -0.0141743213409 -0.0513053302281 -0.00589208950592 -0.00440069706406 0.00499880859532 
-0.0141743213409 0.885398295799 -0.0652661973536 -0.00673196615109 -0.0155709026085 -0.0146332848862 
-0.0513053302281 -0.0652661973536 0.847475719876 -0.0227497193386 -0.0327717766915 -0.0210233596714 
-0.00589208950592 -0.00673196615109 -0.0227497193386 0.969928068778 -0.000300347861273 -0.00342561627599 
-0.00440069706406 -0.0155709026085 -0.0327717766915 -0.000300347861279 0.961370588805 -0.0135855909613 
0.00499880859532 -0.0146332848862 -0.0210233596714 -0.00342561627599 -0.0135855909613 0.0996815256391 

0.502509691892 0.0314832998564 0.0793715078191 0.00958368669987 0.0296658369672 -0.000231764432022 
0.0314832998564 0.619182284183 -0.0245846880663 -0.0138171784196 -0.0701741972269 0.000278603748572 
0.0793715078191 -0.0245846880663 0.383992035766 0.00941958788578 0.0629462317252 -0.000111012766043 
0.00958368669987 -0.0138171784196 0.00941958788578 0.968169311787 -0.0193812930162 6.88480667118e-05 
0.0296658369672 -0.0701741972269 0.0629462317252 -0.0193812930162 0.817983294682 0.000153671648147 
-0.000231764432022 0.000278603748572 -0.000111012766043 6.88480667118e-05 0.000153671648147 0.0900003839226 

