kV
2.04939015319 2.04939015319 2.04939015319 2.04939015319 2.04939015319 2.04939015319 2.04939015319 2.04939015319 2.04939015319 2.04939015319 

kP
1.05 1.05 1.05 1.05 1.05 1.05 1.05 1.05 1.05 1.05 

Mu_t
0.0 5.76906130721 11.5381226144 17.3071839216 23.0762452289 28.8453065361 34.6143678433 40.3834291505 46.1524904577 51.9215517649 57.6906130721 63.4596743794 69.2287356866 74.9977969938 80.766858301 86.5359196082 92.3049809154 98.0740422226 103.84310353 109.612164837 

Sigma_t
4.38448659348 

4.38448659348 

4.38448659348 

4.38448659348 

4.38448659348 

4.38448659348 

4.38448659348 

4.38448659348 

4.38448659348 

4.38448659348 

4.38448659348 

4.38448659348 

4.38448659348 

4.38448659348 

4.38448659348 

4.38448659348 

4.38448659348 

4.38448659348 

4.38448659348 

4.38448659348 

Mu_x
-0.000228101023058 -0.00847682425459 0.0349180656741 0.0853768445212 0.0936149775418 0.0686701383816 0.0330115460151 0.0144834184945 -0.00485123024639 -0.00705995008622 -0.0225377331062 0.045499205162 0.0379028266947 0.0335782621645 0.0190937610067 0.026900991446 0.0270269777934 0.0234459473845 0.0326265815499 0.0267277020621 
0.141711112514 0.173001128259 0.0303572694489 -0.109308938496 -0.097615660808 -0.120046381664 -0.124798162179 -0.102146188726 -0.0750385241859 -0.059930397395 -0.0693386044383 -0.0727814791247 -0.00512652708201 0.0513930258523 0.057771135504 0.0656953002425 0.062640996153 0.0232458323781 0.117137792901 0.148394823822 
4.55333049597 3.93202560088 3.27150409571 2.71292585062 2.18002028679 1.80132385034 1.65358887178 1.61114456398 1.58454791054 1.57785272923 1.57897875573 1.52708737132 1.43763104907 1.46350858251 1.43255949186 1.42235770303 1.42463867406 1.42335194682 1.46206576282 1.37435125022 
-0.610622714709 -0.569057108434 -0.50945816124 -0.509708362009 -0.516469036711 -0.535357527165 -0.530515534957 -0.52077783857 -0.519921211755 -0.514013353875 -0.510630179641 -0.500171893311 -0.523916896629 -0.513640308923 -0.503455644963 -0.492385252186 -0.494557115301 -0.498458638504 -0.493358680739 -0.525695428969 
0.0786233148982 0.0340774670152 -0.00433628495889 0.0547433779227 0.0543963989497 0.0503386160395 0.00319365638987 -0.0281653812981 -0.0512930031651 -0.0541268459625 -0.0667093681415 -0.0140884922441 0.0135674647693 -0.00958232042862 -0.040103559908 -0.038582158933 -0.0360126221383 -0.0340126298192 -0.0271392530087 -0.00744782097726 
-0.273347609957 -0.291747799613 -0.390796120946 -0.571136550619 -0.535139318523 -0.592169456893 -0.560575289498 -0.537100465905 -0.436895595383 -0.342095345724 -0.347303774223 -0.322525661087 -0.268995684049 -0.199138821916 -0.199743021864 -0.186262084596 -0.179485344573 -0.235719145488 -0.122573060409 -0.102635795284 
3.38124764649 2.77565222389 2.09683548339 1.55203748544 1.01508934394 0.624897592689 0.42855391079 0.345211171308 0.310496278761 0.295888604068 0.284312537412 0.227484200528 0.140297570906 0.165035847971 0.135203970063 0.124070707635 0.123559222927 0.126013997912 0.160841254559 0.0753781330735 
0.16216825641 0.16216987648 0.162162234599 0.162204649798 0.161967447925 0.16345226616 0.180885005492 0.225592162424 0.341431817895 0.593081922156 0.735078515123 0.932196034525 0.905749558199 0.910402340721 0.910348905705 0.905992158677 0.944919583218 1.28245915626 1.21320390728 1.15360740037 
0.514585006345 0.514596468463 0.514542401586 0.514842493484 0.513163830232 0.523820957132 0.660468750188 0.79564741969 1.00601281779 1.20302219322 1.24785593255 1.29040843647 1.28342653215 1.28477166228 1.28407344249 1.28674784512 1.27438898488 1.18991846697 1.20815248898 1.22129764719 
-0.130839693827 -0.130839693827 -0.130839693827 -0.130839693824 -0.130839693842 -0.13083969374 -0.130839694311 -0.13083969112 -0.130839708934 -0.130839609491 -0.130840164614 -0.130837065742 -0.130854364632 -0.130757796725 -0.131296865417 -0.128289090366 -0.144553449349 -0.258085572033 -0.24532352795 -0.161683126862 

Wp
1.58405725962 -0.16131301168 -0.012483693024 0.14237928214 -0.537636920243 -0.209220614512 0.0249081655532 -0.174569141908 -0.163374032262 0.0383779802282 
-0.16131301168 1.85196797653 0.0479433487274 0.0616240844662 -0.217789173174 -0.156994048688 0.0594864791059 -0.0782108400877 -0.0731950151122 0.0171941907492 
-0.012483693024 0.0479433487274 1.59660447034 0.0292333192562 -0.0356524956279 0.0237074835891 -0.395465779809 -0.00584732779045 -0.00546734529751 0.00128567881383 
0.14237928214 0.0616240844662 0.0292333192562 1.93689554485 0.198568294965 0.0820391195033 0.0143991733017 0.0672497520989 0.0629367004832 -0.0147844669605 
-0.537636920243 -0.217789173174 -0.0356524956279 0.198568294965 1.28899380464 -0.286405677854 0.015904193262 -0.234000673764 -0.218993884502 0.0514436586569 
-0.209220614512 -0.156994048688 0.0237074835891 0.0820391195033 -0.286405677854 1.79720715964 0.0519999887495 -0.102295520101 -0.0957345116948 0.0224890861004 
0.0249081655532 0.0594864791059 -0.395465779809 0.0143991733017 0.015904193262 0.0519999887495 1.60400362465 0.0122125174084 0.0114341127898 -0.00268467750748 
-0.174569141908 -0.0782108400877 -0.00584732779045 0.0672497520989 -0.234000673764 -0.102295520101 0.0122125174084 1.91844371123 -0.0763261733904 0.0179296585422 
-0.163374032262 -0.0731950151122 -0.00546734529751 0.0629367004832 -0.218993884502 -0.0957345116948 0.0114341127898 -0.0763261733904 1.92856854028 0.0167798491933 
0.0383779802282 0.0171941907492 0.00128567881383 -0.0147844669605 0.0514436586569 0.0224890861004 -0.00268467750747 0.0179296585422 0.0167798491933 1.99605827263 

1.40941564524 -0.189077018255 -0.0421463553311 0.0650165376553 -0.618164747099 -0.235842189457 0.00737337609184 -0.199598027653 -0.186795506788 0.0438805135686 
-0.189077018255 1.80215133732 -0.0605675424157 0.0453406111385 -0.239231434 -0.195319061722 -0.0489264037284 -0.0831028036563 -0.0777793891889 0.0182694400568 
-0.0421463553311 -0.0605675424157 1.25890319903 0.0548849048483 -0.0990949298429 -0.110661830857 -0.721726845142 -0.0208564035192 -0.0195188624184 0.00458515614418 
0.0650165376553 0.0453406111385 0.0548849048483 1.92853897309 0.152439488977 0.0606084028535 0.0481421033086 0.0393553382341 0.036831214548 -0.00865204497931 
-0.618164747099 -0.239231434 -0.0990949298429 0.152439488977 1.23223872939 -0.310966126269 -0.0409487253061 -0.234902990987 -0.219836498401 0.0516420935041 
-0.235842189457 -0.195319061722 -0.110661830857 0.0606084028536 -0.310966126269 1.70186131907 -0.0505751773735 -0.118783685295 -0.111169314033 0.0261137664211 
0.00737337609184 -0.0489264037284 -0.721726845142 0.0481421033086 -0.0409487253061 -0.0505751773735 1.2729646044 0.00639281428409 0.00598197697919 -0.00140545295737 
-0.199598027653 -0.0831028036563 -0.0208564035192 0.0393553382341 -0.234902990987 -0.118783685295 0.00639281428409 1.91232593033 -0.0820513046519 0.01927462737 
-0.186795506788 -0.0777793891889 -0.0195188624184 0.036831214548 -0.219836498401 -0.111169314033 0.00598197697919 -0.0820513046519 1.92321085502 0.0180384955243 
0.0438805135686 0.0182694400568 0.00458515614418 -0.00865204497931 0.0516420935041 0.0261137664212 -0.00140545295737 0.01927462737 0.0180384955243 1.99576258679 

1.33346842306 -0.128912440911 -0.0944220872794 0.0516138864695 -0.639522164973 -0.161167773083 -0.053512649161 -0.208453381347 -0.195080064588 0.0458274139767 
-0.128912440911 1.69334133162 -0.0939871796608 -0.00476029611042 -0.098430306355 -0.248199070862 -0.11367466098 -0.0270014106696 -0.0252689068049 0.00593613080762 
-0.0944220872795 -0.0939871796608 1.27633898762 0.0297992668131 -0.114491232465 -0.187297306371 -0.675250827635 -0.078622503439 -0.0735850059976 0.0172845231807 
0.0516138864695 -0.00476029611042 0.0297992668131 1.95346345529 0.109487061303 0.0152739295797 0.0153195767943 0.0310288342075 0.0290501931657 -0.00682110097176 
-0.639522164973 -0.098430306355 -0.114491232465 0.109487061303 1.28564962383 -0.160722004051 -0.0547576135302 -0.22770091211 -0.213109900667 0.0500582721499 
-0.161167773083 -0.248199070862 -0.187297306371 0.0152739295797 -0.160722004051 1.63783534766 -0.130389705554 -0.0930386098846 -0.087057905196 0.0204544875906 
-0.053512649161 -0.11367466098 -0.675250827635 0.0153195767943 -0.0547576135302 -0.130389705554 1.33621994775 -0.0354979712277 -0.0332330301522 0.00780360303749 
-0.208453381347 -0.0270014106696 -0.078622503439 0.0310288342075 -0.22770091211 -0.0930386098846 -0.0354979712277 1.89149404733 -0.101540833255 0.0238546215002 
-0.195080064588 -0.0252689068049 -0.0735850059976 0.0290501931657 -0.213109900667 -0.087057905196 -0.0332330301522 -0.101540833255 1.90497710317 0.0223233634426 
0.0458274139767 0.00593613080762 0.0172845231807 -0.00682110097176 0.0500582721499 0.0204544875906 0.00780360303749 0.0238546215002 0.0223233634426 1.99475565197 

1.32718217934 -0.335578537805 -0.0137748134515 0.0308041036903 -0.538075298371 -0.181345177286 -0.0620044262586 -0.123515721805 -0.115640216089 0.0271525604537 
-0.335578537805 1.23707564137 0.0784017651848 -0.0378455561743 -0.19659648108 -0.420678055871 -0.0793183794953 0.0736871115372 0.0690178085972 -0.0161976559007 
-0.0137748134515 0.0784017651848 1.17383997462 0.0721274138723 -0.0689594302107 -0.0016057758581 -0.770283690446 -0.136003162103 -0.127261286344 0.0299001967721 
0.0308041036903 -0.0378455561743 0.0721274138723 1.9439619141 0.0961184407112 0.0223592978264 0.0314332780556 0.0886900809174 0.0830061749551 -0.0194978475522 
-0.538075298371 -0.19659648108 -0.0689594302107 0.0961184407112 1.38901876878 -0.178886303796 -0.033512577105 -0.247937852145 -0.232111895 0.0545049916334 
-0.181345177286 -0.420678055871 -0.0016057758581 0.0223592978264 -0.178886303796 1.6227044643 -0.0164430388396 -0.0340215548464 -0.0316513613502 0.00748618134446 
-0.0620044262586 -0.0793183794953 -0.770283690446 0.0314332780556 -0.033512577105 -0.0164430388396 1.21137152379 -0.0528955749821 -0.0495273515236 0.0116279170831 
-0.123515721805 0.0736871115372 -0.136003162103 0.0886900809174 -0.247937852145 -0.0340215548464 -0.0528955749821 1.78190846557 -0.204095746242 0.0479464609477 
-0.115640216089 0.0690178085972 -0.127261286344 0.0830061749551 -0.232111895 -0.0316513613502 -0.0495273515236 -0.204095746242 1.80899926619 0.0448694552006 
0.0271525604537 -0.0161976559007 0.0299001967721 -0.0194978475522 0.0545049916334 0.00748618134446 0.0116279170831 0.0479464609477 0.0448694552006 1.9894591789 

1.69781127098 -0.039625914165 -0.0712900126017 0.0334860102142 -0.239270176933 -0.0697821292142 -0.0510394763932 -0.069695801806 -0.0650941443401 0.0153272765156 
-0.039625914165 1.60102342406 -0.0830463706291 0.0109712272462 -0.0262386891663 -0.321915188265 -0.113183173071 -0.0223076581923 -0.0209917165221 0.00490099994547 
-0.0712900126017 -0.0830463706291 1.1709307859 0.0324433589714 -0.0866214039632 -0.105672995532 -0.796968926358 -0.150091875577 -0.140560265268 0.0329929207927 
0.0334860102142 0.0109712272462 0.0324433589714 1.95489347378 0.0748057449365 0.0453982286982 0.00611030429999 0.0725587618053 0.0678985467629 -0.0159518370256 
-0.239270176933 -0.0262386891663 -0.0866214039632 0.0748057449365 1.71723473508 -0.103660337797 -0.0277671888683 -0.166347096526 -0.155704141556 0.0365697064084 
-0.0697821292143 -0.321915188265 -0.105672995532 0.0453982286982 -0.103660337797 1.60684237941 -0.0574076092766 -0.143406956288 -0.133973295447 0.0315365932053 
-0.0510394763932 -0.113183173071 -0.796968926358 0.00611030429999 -0.0277671888683 -0.0574076092766 1.18747406506 -0.055665607745 -0.0520631195429 0.0122382295589 
-0.069695801806 -0.0223076581923 -0.150091875577 0.0725587618053 -0.166347096526 -0.143406956288 -0.055665607745 1.7250965044 -0.2572168317 0.0604378862958 
-0.0650941443401 -0.0209917165221 -0.140560265268 0.0678985467629 -0.155704141556 -0.133973295447 -0.0520631195429 -0.2572168317 1.75906629395 0.0565407529509 
0.0153272765156 0.00490099994547 0.0329929207927 -0.0159518370256 0.0365697064084 0.0315365932053 0.0122382295589 0.0604378862958 0.0565407529509 1.98671236722 

1.76165631267 -0.129099505854 0.0594236448181 -0.0332583365663 -0.184503422883 -0.0798103156129 0.0162716967523 -0.0696160269424 0.00504024954927 0.0175682337965 
-0.129099505854 1.68582459598 0.0407080853924 -0.0105484040226 -0.112065669532 -0.261169255768 0.020825839795 -0.0739189243564 -0.0896530176996 0.0156503554865 
0.0594236448181 0.0407080853924 1.2135584785 0.032536670779 0.0338138898215 0.0274571024154 -0.764699445216 -0.147671869051 -0.129317083787 0.0327498290889 
-0.0332583365663 -0.0105484040226 0.032536670779 1.98194391416 -0.0161205167251 0.0104643917095 0.0200386384754 0.0225714742508 0.0339084404251 -0.00455905218839 
-0.184503422883 -0.112065669532 0.0338138898215 -0.0161205167251 1.83926732559 -0.0750256148209 -0.00561443399041 -0.0795567311505 -0.00721845555185 0.0196598387782 
-0.0798103156129 -0.261169255768 0.0274571024154 0.0104643917095 -0.0750256148209 1.69998168141 0.0508165387605 -0.119233848068 -0.215857238199 0.0229304792744 
0.0162716967523 0.020825839795 -0.764699445216 0.0200386384754 -0.00561443399041 0.0508165387605 1.19853191856 -0.141515374942 -0.0421559828313 0.0340169753415 
-0.0696160269424 -0.0739189243564 -0.147671869051 0.0225714742508 -0.0795567311505 -0.119233848068 -0.141515374942 1.66334875688 -0.236717906075 0.0765289215657 
0.00504024954927 -0.0896530176996 -0.129317083787 0.0339084404251 -0.00721845555184 -0.215857238199 -0.0421559828313 -0.236717906075 1.4700848104 0.0420660982649 
0.0175682337965 0.0156503554865 0.0327498290889 -0.00455905218839 0.0196598387782 0.0229304792744 0.0340169753415 0.0765289215657 0.0420660982649 1.98222323731 

1.9300050032 -0.00194180179586 0.011233836295 0.00220157014779 -0.0688964173645 0.00466906324996 -0.0184451062786 -0.0725821215045 0.0673953489475 0.0210484849504 
-0.00194180179586 1.89591391954 0.0733195010715 -0.0101246809748 0.00300026342505 -0.0784201633824 0.068794972102 0.0281547263059 0.00332394737752 -0.00736481193855 
0.011233836295 0.0733195010715 1.59978420671 -0.00589141480182 0.0186070358461 0.0164951085453 -0.374684080764 -0.0193610685899 -0.0868940793882 0.0018431769343 
0.00220157014778 -0.0101246809748 -0.00589141480182 1.98426462939 0.013571748804 0.000723437829807 0.00490792939597 0.0483166541028 -0.0201541235293 -0.0130820981764 
-0.0688964173645 0.00300026342505 0.0186070358461 0.013571748804 1.91833845632 0.00961413421067 -0.0238009025329 -0.0985648769454 0.102629612247 0.0291568032068 
0.00466906324996 -0.0784201633824 0.0164951085453 0.000723437829812 0.00961413421067 1.82305319107 0.0499259092428 -0.0613656298412 -0.14052103748 0.00964754126837 
-0.0184451062786 0.068794972102 -0.374684080764 0.00490792939596 -0.0238009025329 0.0499259092428 1.58605772018 -0.0742752979813 0.0897207189222 0.0230641495999 
-0.0725821215045 0.0281547263059 -0.0193610685899 0.0483166541028 -0.0985648769454 -0.0613656298412 -0.0742752979813 1.59627570448 0.00422385292549 0.102633066054 
0.0673953489475 0.00332394737752 -0.0868940793882 -0.0201541235293 0.102629612247 -0.14052103748 0.0897207189222 0.00422385292549 1.26956569596 -0.0297286472805 
0.0210484849504 -0.00736481193855 0.0018431769343 -0.0130820981764 0.0291568032068 0.00964754126837 0.0230641495999 0.102633066054 -0.0297286472805 1.97271007963 

1.92582227514 0.0267404288721 0.0851168525039 0.00278667173931 -0.0759453489139 0.0296055600728 0.0542623559234 -0.112499339093 0.122271177902 0.0291609433942 
0.0267404288721 1.90966113227 -0.00332218235548 -0.0135431908274 0.0397382197113 -0.0637685639817 0.00743200042255 0.0500266310772 -0.0496178671541 -0.0111696208043 
0.0851168525039 -0.00332218235548 1.70792591822 -0.00593995831364 0.0660846962323 -0.00946530316011 -0.243048802054 0.20074336205 -0.148644069553 -0.0479126883506 
0.00278667173931 -0.0135431908274 -0.00593995831365 1.98242737414 0.0223930460028 0.00632778101697 -0.00394825804117 0.020490579906 -0.0109042388 -0.004373984448 
-0.0759453489139 0.0397382197113 0.0660846962323 0.0223930460028 1.89042076075 0.0148864178335 0.0314161798104 -0.120825042142 0.141707094723 0.0317333608344 
0.0296055600728 -0.0637685639816 -0.00946530316011 0.00632778101696 0.0148864178335 1.83740325248 -0.00276857578615 -0.0353141246902 -0.165004061459 -0.00595869064231 
0.0542623559234 0.00743200042255 -0.243048802054 -0.00394825804118 0.0314161798104 -0.00276857578616 1.74761013047 0.111288860802 -0.0196117765951 -0.0223444751871 
-0.112499339093 0.0500266310772 0.20074336205 0.020490579906 -0.120825042142 -0.0353141246902 0.111288860802 1.59692130424 0.116662230871 0.0808991668098 
0.122271177902 -0.0496178671541 -0.148644069553 -0.0109042388 0.141707094723 -0.165004061459 -0.0196117765951 0.116662230871 1.35379635609 -0.0709400302181 
0.0291609433942 -0.0111696208043 -0.0479126883506 -0.004373984448 0.0317333608344 -0.0059586906423 -0.0223444751871 0.0808991668098 -0.0709400302181 1.97928593651 

1.89724785186 0.0319575953032 0.132393875011 -0.00447181321614 -0.0989625961782 0.0171138051836 0.0884336153834 -0.153430220593 0.0911150797912 0.0271446498994 
0.0319575953032 1.89339867394 -0.0277884061103 -0.00329906193418 0.040433384234 -0.113806701838 -0.0156747485232 0.0368994974035 -0.0333152568025 -0.00751955426106 
0.132393875011 -0.0277884061103 1.69787724727 -0.000155756714396 0.130062042855 -0.01221447858 -0.194234927101 0.317289541682 -0.278173467019 -0.061604475785 
-0.00447181321614 -0.00329906193417 -0.000155756714396 1.98816864114 0.00834569845627 -0.00115897651616 -0.00104236719033 0.00123309750848 0.010151042463 0.000371469101304 
-0.0989625961782 0.040433384234 0.130062042855 0.00834569845627 1.87973950985 0.00355443885699 0.0911328182435 -0.164673604073 0.0613967982386 0.0259885863272 
0.0171138051836 -0.113806701838 -0.01221447858 -0.00115897651616 0.00355443885699 1.73893810856 0.00155906972551 -0.14768390519 -0.234071573262 -0.00349975750929 
0.0884336153834 -0.0156747485232 -0.194234927101 -0.00104236719033 0.0911328182434 0.00155906972551 1.84887077336 0.197899604015 -0.140622661072 -0.0358940454033 
-0.153430220593 0.0368994974035 0.317289541682 0.00123309750848 -0.164673604073 -0.14768390519 0.197899604015 1.25371729173 -0.0468824313409 0.075932895839 
0.0911150797912 -0.0333152568025 -0.278173467019 0.010151042463 0.0613967982386 -0.234071573262 -0.140622661072 -0.0468824313409 1.20688062101 -0.0650680513713 
0.0271446498994 -0.00751955426106 -0.061604475785 0.000371469101301 0.0259885863272 -0.0034997575093 -0.0358940454033 0.075932895839 -0.0650680513713 1.9852403477 

1.91163163379 0.0234287328208 0.1554984596 -0.00464951079743 -0.0665193058652 0.0239983151546 0.109595710585 -0.103286594584 0.147455677907 0.0235917203943 
0.0234287328208 1.9250068923 -0.061796627224 -0.00111041135631 0.0149751528885 -0.0835185152334 -0.045814079229 0.0405177458242 -0.0558036782816 -0.00732382297304 
0.1554984596 -0.061796627224 1.59432714888 0.00263703941674 0.12767737575 -0.0426304233766 -0.284554340057 0.331483641156 -0.370217446436 -0.0645111985438 
-0.00464951079743 -0.00111041135631 0.00263703941674 1.98782130775 0.00511680969398 -0.00354498600452 0.00186473538737 -0.00152900746649 0.0122842796834 0.000884267546339 
-0.0665193058652 0.0149751528885 0.12767737575 0.00511680969398 1.9159789489 0.0114161528432 0.0916460717347 -0.078119970063 0.125290090836 0.0200986643379 
0.0239983151546 -0.0835185152334 -0.0426304233766 -0.00354498600452 0.0114161528432 1.8282066722 -0.0285130872198 -0.156715660397 -0.135436169746 -0.00090549504004 
0.109595710585 -0.045814079229 -0.284554340057 0.00186473538737 0.0916460717347 -0.0285130872198 1.79695079015 0.23062690797 -0.255227751775 -0.0444900158097 
-0.103286594584 0.0405177458242 0.331483641156 -0.00152900746649 -0.078119970063 -0.156715660397 0.23062690797 1.03152693258 -0.0710210558268 0.0593850822374 
0.147455677907 -0.0558036782816 -0.370217446436 0.0122842796834 0.125290090836 -0.135436169746 -0.255227751775 -0.0710210558268 1.35359864011 -0.0615480094446 
0.0235917203943 -0.00732382297304 -0.0645111985438 0.000884267546341 0.0200986643379 -0.00090549504004 -0.0444900158097 0.0593850822374 -0.0615480094446 1.98892568071 

1.91813200187 0.0297047589015 0.159026392703 -0.00653937122618 -0.0670581237606 0.0267917718373 0.125530842738 -0.0792447430543 0.133384285288 0.0223534945367 
0.0297047589015 1.91256150709 -0.0520634526786 -0.00485054144261 0.0219963333614 -0.0985082761507 -0.0336796737073 0.0333719511795 -0.0377629809628 -0.00730458645233 
0.159026392703 -0.0520634526786 1.5025461783 -0.0024588698897 0.11744565643 -0.0388229983566 -0.401520202446 0.228425498285 -0.429720151395 -0.0700276667066 
-0.00653937122618 -0.00485054144261 -0.00245886988971 1.98926404038 0.00319571048681 -0.00551146883644 -0.00291776409413 0.00103240282882 -0.00396041201814 -0.000478769660998 
-0.0670581237606 0.0219963333614 0.11744565643 0.00319571048681 1.92356525627 0.0148841517903 0.0931538422508 -0.0737707769625 0.0944029471347 0.0167447372666 
0.0267917718373 -0.0985082761507 -0.0388229983566 -0.00551146883644 0.0148841517903 1.84142302336 -0.0403200039811 -0.131550924932 -0.0723589961741 -0.00397279442035 
0.125530842738 -0.0336796737073 -0.401520202446 -0.00291776409413 0.0931538422508 -0.0403200039811 1.63818063834 0.15613028803 -0.337518800912 -0.0538571327644 
-0.0792447430543 0.0333719511795 0.228425498285 0.00103240282882 -0.0737707769625 -0.131550924932 0.15613028803 0.736590563608 -0.210359776093 0.0343677885831 
0.133384285288 -0.0377629809628 -0.429720151395 -0.00396041201814 0.0944029471347 -0.0723589961741 -0.337518800912 -0.210359776093 1.44138560852 -0.063609768186 
0.0223534945367 -0.00730458645233 -0.0700276667066 -0.000478769661001 0.0167447372666 -0.00397279442035 -0.0538571327644 0.0343677885831 -0.0636097681859 1.98962750057 

1.93502176339 0.0298550308404 0.0336933569413 -0.0148114181821 -0.0385234108189 0.041373624311 0.0329006031938 0.0010583860471 -0.0139370648576 -0.00214429500949 
0.0298550308404 1.92351200339 -0.0687297621704 0.00327656391386 0.0071816791482 -0.0880896924191 -0.0606279300211 0.0252446829018 -0.0192274854733 -0.00380312978036 
0.0336933569413 -0.0687297621704 1.53087732955 -0.0283687831735 0.0224460564112 -0.0591937649225 -0.404942528085 0.21984484433 -0.269769003249 -0.0503866705995 
-0.0148114181821 0.00327656391386 -0.0283687831735 1.9766927602 0.0148434024774 0.00565143399071 -0.0271966877532 0.0103333517771 -0.0108713832088 -0.00192577109714 
-0.0385234108189 0.0071816791482 0.0224460564112 0.0148434024774 1.9335770356 0.0155863438853 0.0270706940648 0.00986473763595 -0.0264284544927 -0.00460223846973 
0.041373624311 -0.0880896924192 -0.0591937649225 0.00565143399071 0.0155863438853 1.84289367705 -0.0507985586559 -0.158234517904 -0.0243889956429 0.00115805289358 
0.0329006031938 -0.0606279300211 -0.404942528085 -0.0271966877532 0.0270706940648 -0.0507985586559 1.63820919063 0.156075201397 -0.190412717425 -0.0355573407572 
0.0010583860471 0.0252446829018 0.21984484433 0.0103333517771 0.00986473763595 -0.158234517904 0.156075201397 0.453852353635 0.020963335546 0.0512135183608 
-0.0139370648576 -0.0192274854733 -0.269769003249 -0.0108713832088 -0.0264284544927 -0.0243889956429 -0.190412717425 0.020963335546 1.59319121116 -0.0654203831741 
-0.00214429500949 -0.00380312978035 -0.0503866705995 -0.00192577109715 -0.00460223846973 0.00115805289358 -0.0355573407572 0.0512135183608 -0.0654203831741 1.98786046288 

1.91417496325 0.0485804528242 0.0467503930244 -0.00728643829553 -0.0678219730345 0.078231774262 0.0444063118125 0.0383964739441 -0.0129874684079 -0.0032621047511 
0.0485804528242 1.67497278274 -0.0627738724919 0.00505469419584 0.0241373551273 -0.280254363243 -0.0722819189747 -0.0069303665123 0.00191820459282 0.000525680786535 
0.0467503930244 -0.0627738724919 1.77471216012 0.0120195429585 0.00342185880832 -0.0962278784906 -0.180047250163 0.285354773646 -0.0967809930989 -0.0242813185729 
-0.00728643829553 0.00505469419584 0.0120195429585 1.98259431154 0.0211442297443 0.0035604037108 0.00689415868808 -0.0399197324599 0.0128752240511 0.0033000714476 
-0.0678219730345 0.0241373551273 0.00342185880832 0.0211442297443 1.87916177934 0.0694389434604 0.0106195727131 0.13289760834 -0.043988530794 -0.011150460262 
0.078231774262 -0.280254363243 -0.0962278784906 0.0035604037108 0.0694389434604 1.51112938218 -0.0627917553517 -0.107893402141 0.0360595045956 0.00910023405631 
0.0444063118125 -0.0722819189746 -0.180047250163 0.00689415868808 0.0106195727131 -0.0627917553517 1.83864061462 0.152279607515 -0.0523330725108 -0.013057899881 
0.0383964739441 -0.0069303665123 0.285354773646 -0.0399197324599 0.13289760834 -0.107893402141 0.152279607515 0.775449118258 0.408600664117 0.10319757731 
-0.0129874684079 0.00191820459282 -0.0967809930989 0.0128752240511 -0.043988530794 0.0360595045956 -0.0523330725108 0.408600664117 1.8629030772 -0.0345555208966 
-0.00326210475111 0.000525680786535 -0.0242813185729 0.00330007144761 -0.011150460262 0.00910023405631 -0.013057899881 0.10319757731 -0.0345555208966 1.99128363329 

1.91125811971 0.0313137587203 0.0495795331687 -0.00639484604718 -0.074280095554 0.0336675837165 0.0494627340763 -0.00917462766275 0.00302227728286 0.000761235098829 
0.0313137587203 1.53782207936 0.0434942357408 0.0110080910758 -0.0370854529192 -0.330974302921 0.0282270451943 0.120455745006 -0.0402690029327 -0.0101625532633 
0.0495795331687 0.0434942357408 1.77810922949 0.013702467758 0.0201885878619 0.0820621966739 -0.195864720405 0.264991044996 -0.0887697517005 -0.0224085524149 
-0.00639484604718 0.0110080910758 0.013702467758 1.98814779574 0.0106961901076 -0.00571103511932 0.0111983223907 -0.0494994784383 0.0165450972676 0.00417533642664 
-0.074280095554 -0.0370854529192 0.0201885878619 0.0106961901076 1.8936973685 0.0439877013545 0.0184538079401 0.112602973489 -0.0376530234098 -0.00950267374409 
0.0336675837165 -0.330974302921 0.0820621966739 -0.00571103511932 0.0439877013545 1.41313177338 0.126428559001 -0.0764000336692 0.025306718652 0.00637880668737 
0.0494627340763 0.0282270451943 -0.195864720405 0.0111983223907 0.0184538079402 0.126428559001 1.80088183373 0.14725445036 -0.049360650471 -0.0124613810641 
-0.00917462766275 0.120455745006 0.264991044996 -0.0494994784383 0.112602973489 -0.0764000336692 0.14725445036 0.773482105936 0.410035804756 0.103479503208 
0.00302227728286 -0.0402690029327 -0.0887697517005 0.0165450972676 -0.0376530234098 0.025306718652 -0.049360650471 0.410035804756 1.86290967556 -0.0345974615373 
0.00076123509883 -0.0101625532633 -0.0224085524149 0.00417533642664 -0.0095026737441 0.00637880668737 -0.0124613810641 0.103479503208 -0.0345974615373 1.99126863172 

1.92057936604 0.0266249478357 0.00125416981259 -0.00361489964745 -0.0734311970101 0.0123924749281 -0.00584800583834 -0.0716333707617 0.023925815454 0.00600506040815 
0.0266249478357 1.57384267787 -0.0377164057846 0.0313323033776 -0.0407598130076 -0.420073693683 -0.0344005669302 0.0232183438187 -0.00780252780412 -0.00202425591695 
0.00125416981259 -0.0377164057846 1.86137507976 0.0152097538354 -0.03483572445 -0.081014570091 -0.101587648972 0.209013469111 -0.0698886581851 -0.0176487642047 
-0.00361489964744 0.0313323033776 0.0152097538354 1.98528955872 0.0186197712939 0.0211782346002 0.0100242384484 -0.0521874211162 0.0174487409172 0.00440432825276 
-0.0734311970101 -0.0407598130076 -0.03483572445 0.0186197712939 1.88367355646 -0.0279295988132 -0.0315312085853 0.0421370001565 -0.0141401205905 -0.00364097485147 
0.0123924749281 -0.420073693683 -0.081014570091 0.0211782346002 -0.0279295988132 1.35327684452 -0.0520819282759 -0.143533948941 0.0480444439145 0.0122024787238 
-0.00584800583836 -0.0344005669302 -0.101587648972 0.0100242384484 -0.0315312085853 -0.0520819282759 1.91358503582 0.0810104069133 -0.0271151826283 -0.00688545994015 
-0.0716333707617 0.0232183438187 0.209013469111 -0.0521874211162 0.0421370001565 -0.143533948941 0.0810104069133 0.740068275036 0.421233867901 0.106296425613 
0.023925815454 -0.00780252780412 -0.0698886581851 0.0174487409172 -0.0141401205905 0.0480444439145 -0.0271151826283 0.421233867901 1.8591651694 -0.0355437237606 
0.00600506040815 -0.00202425591695 -0.0176487642047 0.00440432825276 -0.00364097485147 0.0122024787238 -0.00688545994015 0.106296425613 -0.0355437237606 1.99102297748 

1.93642928365 0.0474011153333 0.0320747371697 -0.0130811511953 -0.0485886133358 0.0566737522123 0.0174587108276 -0.10482791269 0.032763506665 0.00832864622304 
0.0474011153333 1.70437128073 -0.0581052460892 -0.000587919288742 0.00465652587871 -0.275434866478 -0.0628298896157 -0.035454556577 0.00895791604355 0.00235831563147 
0.0320747371697 -0.0581052460892 1.79358637241 0.0117623407268 -0.0116705575101 -0.0860498634066 -0.184812800592 0.137136821392 -0.0441380046 -0.0109683991896 
-0.0130811511953 -0.000587919288747 0.0117623407268 1.98004025373 0.00978420077577 -0.00580771153897 0.00330853127032 -0.0723509325029 0.0232515851488 0.00579072428608 
-0.0485886133358 0.00465652587871 -0.0116705575101 0.00978420077578 1.91283197577 0.0486569826078 -0.0146973691676 0.0195917905953 -0.00992314547616 -0.0022000071738 
0.0566737522123 -0.275434866478 -0.0860498634066 -0.00580771153897 0.0486569826078 1.54578993655 -0.0716387981355 -0.16943266233 0.0578556218452 0.0139585459578 
0.0174587108276 -0.0628298896157 -0.184812800592 0.00330853127032 -0.0146973691676 -0.0716387981355 1.81571840925 0.0014855513781 0.000394758059377 0.000354589988667 
-0.10482791269 -0.035454556577 0.137136821392 -0.0723509325029 0.0195917905953 -0.16943266233 0.0014855513781 0.725576446005 0.421611430774 0.1069576141 
0.032763506665 0.00895791604355 -0.0441380046 0.0232515851488 -0.00992314547615 0.0578556218452 0.000394758059379 0.421611430774 1.85933673595 -0.0356118174121 
0.00832864622303 0.00235831563147 -0.0109683991896 0.00579072428608 -0.00220000717379 0.0139585459578 0.000354589988668 0.1069576141 -0.0356118174121 1.99075127581 

1.87245426463 0.00486614914813 0.0499448967121 -0.0334545430864 -0.0854120379333 -0.01841928117 0.00336725158919 -0.0451034705098 0.0355166806522 -0.0950501438207 
0.00486614914812 1.72093815916 -0.0369637118804 -0.010181862518 -0.0148060053921 -0.22798445334 -0.0140510467888 0.0316574057383 -0.0191799346264 0.0652673242768 
0.0499448967121 -0.0369637118804 1.8660920357 0.0180168347753 -1.13892416669e-05 0.0216829038361 -0.0784342776915 0.0608817725392 -0.0462511148627 0.127062474072 
-0.0334545430864 -0.010181862518 0.0180168347753 1.97625701311 -0.00463643018065 -0.0240917751159 0.00156921438688 -0.0160992287336 0.0126425747838 -0.0346629593825 
-0.0854120379333 -0.0148060053921 -1.13892416648e-05 -0.00463643018064 1.89783323307 -0.0269911641125 -0.0167222693617 -0.0175938932337 0.0132221093347 -0.0382936559991 
-0.01841928117 -0.22798445334 0.0216829038361 -0.0240917751159 -0.0269911641125 1.62705715772 0.0301458095775 -0.0056010664628 0.0169116680351 -0.0416280529555 
0.00336725158919 -0.0140510467888 -0.0784342776915 0.00156921438687 -0.0167222693617 0.0301458095775 1.93124150565 0.0161188542794 -0.0122277791352 0.0360624667726 
-0.0451034705098 0.0316574057383 0.0608817725392 -0.0160992287336 -0.0175938932337 -0.00560106646281 0.0161188542794 0.404213834241 0.426846560501 0.433018404262 
0.0355166806522 -0.0191799346264 -0.0462511148627 0.0126425747838 0.0132221093347 0.0169116680351 -0.0122277791352 0.426846560501 1.82290500856 -0.103868154122 
-0.0950501438207 0.0652673242768 0.127062474072 -0.0346629593825 -0.0382936559991 -0.0416280529555 0.0360624667726 0.433018404262 -0.103868154122 1.55794982253 

1.93989494109 0.0132568605548 0.0593206617729 -0.00881518517103 -0.040820287853 -0.0385056447825 0.0177144032061 -0.0422368860473 0.0122165231164 -0.124544425242 
0.0132568605548 1.79288555337 0.0201333948823 0.0014629084247 0.00661107699496 -0.205439121185 0.0251107607326 0.015768958339 0.0183415152664 0.0326559753262 
0.0593206617728 0.0201333948823 1.84130733851 0.0118330710769 0.0253053845302 0.0883905756118 -0.104508304196 0.0597162489693 -0.0124454585509 0.165030764845 
-0.00881518517103 0.00146290842471 0.0118330710769 1.99242143844 0.00172442590411 -0.0167791346399 0.0037551772619 -0.0115181192293 -0.00201556751706 -0.0297889606234 
-0.040820287853 0.00661107699496 0.0253053845302 0.00172442590411 1.94707261547 -0.0161342745076 -0.00337746129191 -0.0281211822391 0.00633868802637 -0.0821625570507 
-0.0385056447825 -0.205439121185 0.0883905756118 -0.0167791346399 -0.0161342745076 1.67496323648 0.0631087828024 -0.0237817294876 0.0173728909134 -0.101640676893 
0.0177144032061 0.0251107607326 -0.104508304196 0.0037551772619 -0.00337746129191 0.0631087828024 1.90941084223 0.0172014805994 -0.00596793855786 0.0512068726129 
-0.0422368860473 0.015768958339 0.0597162489693 -0.0115181192293 -0.0281211822391 -0.0237817294876 0.0172014805994 0.29533784807 0.30729932392 0.338421657281 
0.0122165231164 0.0183415152664 -0.0124454585509 -0.00201556751706 0.00633868802637 0.0173728909134 -0.00596793855786 0.30729932392 1.69329125053 -0.298937312644 
-0.124544425242 0.0326559753262 0.165030764845 -0.0297889606234 -0.0821625570507 -0.101640676893 0.0512068726129 0.338421657281 -0.298937312644 1.30948195639 

1.85722802102 0.123113705076 0.0222806366652 -0.0257180016805 -0.0914511080728 0.0553295751558 -0.0209364197392 -0.146723246941 0.0201615965641 -0.114842412484 
0.123113705076 1.6642590031 0.0306840607577 0.017933724185 0.0527118421423 -0.26938394898 0.0547347298837 0.0952779778171 -0.0133116832245 0.0784929634488 
0.0222806366652 0.0306840607577 1.82999759089 -0.00679653105536 0.0238801128975 0.0601419834139 -0.114584013398 0.159960115824 -0.0224529094966 0.133650038032 
-0.0257180016805 0.017933724185 -0.00679653105537 1.983824753 -0.00263507569385 0.0108501882101 -0.0166301812761 -0.0274022031535 0.00365445191872 -0.0194645451227 
-0.0914511080728 0.0527118421423 0.0238801128975 -0.00263507569385 1.90648258581 0.0121862774854 -0.0054312454766 -0.0988865016062 0.0136596904607 -0.0786910053293 
0.0553295751558 -0.26938394898 0.0601419834139 0.0108501882101 0.0121862774854 1.60908187987 0.0828677528392 -0.00980516255237 0.00123886368016 -0.00574534730765 
-0.0209364197392 0.0547347298837 -0.114584013398 -0.0166301812761 -0.00543124547659 0.0828677528392 1.89729338722 0.0482755258491 -0.00706539877479 0.0455047644759 
-0.146723246941 0.0952779778171 0.159960115824 -0.0274022031536 -0.0988865016062 -0.00980516255237 0.0482755258491 1.65735095389 0.0472807018059 -0.271594602642 
0.0201615965641 -0.0133116832245 -0.0224529094966 0.00365445191872 0.0136596904607 0.00123886368016 -0.00706539877479 0.0472807018059 1.99346199293 0.037681386971 
-0.114842412484 0.0784929634488 0.133650038032 -0.0194645451227 -0.0786910053293 -0.00574534730764 0.0455047644759 -0.271594602642 0.037681386971 1.7808913591 

1.35176142048 0.112114465738 0.0547975370704 -0.226680695806 -0.229137376589 -0.0337309976965 -0.122725502354 -0.225717580586 0.0999816946393 0.00566037031797 
0.112114465738 1.34913101235 -0.0492776666427 0.0244225448831 -0.0135937708972 -0.506157899605 -0.00796758834976 0.0602494210766 -0.0108269974397 0.00375792665058 
0.0547975370704 -0.0492776666427 1.2097227701 -0.0786394368999 -0.00341605130496 0.0562704596153 -0.567463920728 0.0974082483543 0.045650050673 0.0256638072654 
-0.226680695806 0.0244225448831 -0.0786394368999 1.73648602717 0.123701164511 0.0115899959776 -0.116929875077 -0.0849379876125 0.0595338308893 0.0061731353636 
-0.229137376589 -0.0135937708972 -0.00341605130496 0.123701164511 1.56561049097 -0.0607691387954 0.0171898972519 -0.0205267640863 0.00465990431758 -0.00427943424265 
-0.0337309976965 -0.506157899605 0.0562704596153 0.0115899959776 -0.0607691387954 0.943371020281 -0.00830592721351 -0.207375800561 0.0197087512522 -0.0198004694069 
-0.122725502354 -0.00796758834976 -0.567463920728 -0.116929875077 0.0171898972519 -0.00830592721351 1.34850091051 -0.151294689461 0.0793145391456 0.00831246516642 
-0.225717580586 0.0602494210766 0.0974082483543 -0.0849379876125 -0.0205267640863 -0.207375800561 -0.151294689461 0.951247824107 0.214367954316 0.00858980497915 
0.0999816946393 -0.0108269974397 0.045650050673 0.0595338308893 0.00465990431758 0.0197087512522 0.0793145391456 0.214367954316 1.66756806546 -0.0238224619949 
0.00566037031797 0.00375792665058 0.0256638072654 0.0061731353636 -0.00427943424265 -0.0198004694069 0.00831246516642 0.00858980497915 -0.0238224619949 0.144845898171 

