kV
3.49284983931 3.49284983931 2.45356882928 2.45356882928 2.4899799196 2.52982212813 2.52982212813 2.52982212813 2.52982212813 2.52982212813 

kP
3.05 3.05 1.505 1.505 1.55 1.6 1.6 1.6 1.6 1.6 

Mu_t
0.0 22.2222222222 44.4444444444 66.6666666667 88.8888888889 111.111111111 133.333333333 155.555555556 177.777777778 200.0 

Sigma_t
20.0 

20.0 

20.0 

20.0 

20.0 

20.0 

20.0 

20.0 

20.0 

20.0 

Mu_x
0.331412946604 0.258847722013 0.211511027745 0.216732267564 0.251980276167 0.249009104168 0.223969204339 0.213644135228 0.204137887493 0.205189554258 
0.282503024146 0.162023894118 0.0738417098079 0.057140854026 0.0792114467393 0.122431156598 0.166718915558 0.199552338445 0.232044771364 0.245892672755 
3.56897249828 3.17608602293 2.77463828155 2.48171094054 2.27638127449 2.20953038736 2.12934194046 2.02485691404 1.84328655902 1.46814768885 
-0.0947231220874 -0.0868152272765 -0.114669686527 -0.122232118557 -0.129659499652 -0.136865227022 -0.138358340836 -0.134112201958 -0.136393377442 -0.140442125695 
0.413018640958 0.332671016975 0.26525202712 0.234766123216 0.259560797971 0.278175716927 0.26127815876 0.242441412949 0.224528456217 0.207042265546 
-0.0184957001996 -0.145238913345 -0.205792986961 -0.156574208302 -0.0384097199091 0.0771410142864 0.146433167339 0.196305804155 0.237454035797 0.250838147131 
3.76944464581 3.29138745641 2.81009529634 2.46917398127 2.25154500465 2.19886567667 2.1203361434 2.02569256671 1.84450241672 1.46744710985 
0.226427533821 0.193812775237 0.208633973168 0.289127101631 0.445664631256 0.668694164863 0.892036485623 1.05843162582 1.1621432464 1.24018617072 
0.0557235117084 0.331587691713 0.634934151368 0.880342184725 1.07049682989 1.20277883525 1.27706404467 1.29627183865 1.29585467484 1.30117571971 
-0.557929019044 -1.10337295582 -1.66558541959 -2.08183952655 -2.42713860118 -2.68479265811 -2.53858722934 -1.65255538432 -0.914506728853 0.118712081796 

Wp
2.80035375263 -0.254034556087 -0.224542591346 0.0145710647437 -0.144043662574 -0.0221998085338 -0.246293592865 0.310453940527 0.0364516356481 0.147110872259 
-0.254034556087 2.65813260439 -0.314519593999 0.0200041695356 -0.178747262013 -0.0377428106528 -0.339600450622 0.433131760637 0.0346636492616 0.0349326218004 
-0.224542591346 -0.314519593999 2.55043583224 0.0388116170837 -0.170241677239 -0.110828315742 -0.517305592672 0.273189179221 0.174009294777 -0.275836378367 
0.0145710647437 0.0200041695356 0.0388116170837 2.98107767648 0.00696769558265 0.00883493891622 0.0441742069325 -0.00909262430754 -0.0073431798579 0.0242214158305 
-0.144043662574 -0.178747262013 -0.170241677239 0.00696769558265 2.89058507088 -0.0213999415998 -0.191817068947 0.201726523422 0.0493284725459 0.105374674191 
-0.0221998085338 -0.0377428106528 -0.110828315742 0.00883493891624 -0.0213999415998 2.95062831356 -0.139165752091 -0.0194171266725 0.0880792794491 -0.0677681516343 
-0.246293592865 -0.339600450622 -0.517305592672 0.0441742069325 -0.191817068947 -0.139165752091 2.39444059311 0.253914249409 0.238509086988 -0.249202327035 
0.310453940527 0.433131760637 0.273189179221 -0.00909262430754 0.201726523422 -0.0194171266725 0.253914249409 2.30720006201 0.122030208975 0.0142015268501 
0.0364516356481 0.0346636492616 0.174009294777 -0.0073431798579 0.0493284725459 0.0880792794491 0.238509086988 0.122030208975 2.78625091627 -0.0965536767549 
0.147110872259 0.0349326218004 -0.275836378367 0.0242214158305 0.105374674191 -0.0677681516343 -0.249202327035 0.0142015268501 -0.0965536767549 0.202643267067 

2.8395565115 -0.241080218732 -0.181357017045 -0.00077232270839 -0.115654673543 -0.0462070950136 -0.197147986298 0.346659946448 0.0414408938017 0.120726490987 
-0.241080218732 2.54873861192 -0.321883618408 0.00177131116511 -0.130417739264 -0.105195895586 -0.318622792818 0.723677654721 -0.0391093998878 0.0542617399306 
-0.181357017045 -0.321883618408 2.32358856869 -0.0245034242141 -0.126338894015 -0.194787930214 -0.801579341896 0.203724093688 0.396581949137 -0.169234995995 
-0.000772322708394 0.00177131116512 -0.0245034242141 2.99538118971 -0.00259881145343 -0.00556732377705 -0.0335052956322 -0.0209017089602 0.0325201344284 0.0370766862983 
-0.115654673543 -0.130417739264 -0.126338894015 -0.00259881145341 2.8798957375 -0.0195012807609 -0.157925428396 0.155861878329 0.122434637701 0.0465937520923 
-0.0462070950136 -0.105195895586 -0.194787930214 -0.00556732377707 -0.0195012807609 2.93330432474 -0.224564408266 0.090115938775 0.0897269727632 -0.018388246912 
-0.197147986298 -0.318622792818 -0.801579341896 -0.0335052956322 -0.157925428396 -0.224564408266 2.02733435863 0.0933816784921 0.556749514153 -0.130452920126 
0.346659946448 0.723677654721 0.203724093688 -0.0209017089602 0.155861878329 0.090115938775 0.0933816784921 1.55539209584 0.392429463264 0.0181427646808 
0.0414408938017 -0.0391093998878 0.396581949137 0.0325201344284 0.122434637701 0.0897269727632 0.556749514153 0.392429463264 2.40780595312 -0.114164881967 
0.120726490987 0.0542617399306 -0.169234995995 0.0370766862983 0.0465937520923 -0.018388246912 -0.130452920126 0.0181427646808 -0.114164881967 0.154673488855 

2.92884423692 -0.141049288114 -0.0770988117333 0.00273514427195 -0.0492451904895 -0.0385183621246 -0.0760279150042 0.262612081678 0.0108516463013 0.053517305225 
-0.141049288114 2.61089199132 -0.25563179692 0.0223713579099 -0.0452487934763 -0.136204201018 -0.224532061893 0.682934457142 -0.0791187850121 0.0490397630992 
-0.0770988117332 -0.25563179692 2.30992028691 -0.038085771155 -0.0252641161927 -0.0817944135186 -0.775009826504 0.310791033888 0.375442972226 -0.0862272313561 
0.00273514427195 0.0223713579099 -0.0380857711549 2.98710820252 -0.00411685267345 0.0056805981098 -0.0568446720348 -0.0662252402525 0.0640707531372 0.0371467582808 
-0.0492451904895 -0.0452487934764 -0.0252641161927 -0.00411685267345 2.92846477263 0.0147828958303 -0.0396845728329 0.131992233716 0.0789150591041 -0.0684061774171 
-0.0385183621246 -0.136204201018 -0.0817944135186 0.00568059810979 0.0147828958304 2.91845856919 -0.0669026714155 0.177797439009 -0.077206093915 0.0111367631828 
-0.0760279150042 -0.224532061893 -0.775009826504 -0.0568446720348 -0.0396845728329 -0.0669026714155 2.1058748924 0.223853583514 0.502296842454 -0.0651158001407 
0.262612081678 0.682934457142 0.310791033888 -0.0662252402525 0.131992233716 0.177797439009 0.223853583514 1.62864986538 0.196900686142 0.0520135049117 
0.0108516463013 -0.0791187850121 0.375442972226 0.0640707531372 0.0789150591041 -0.077206093915 0.502296842454 0.196900686142 2.48197575561 -0.0345696415811 
0.053517305225 0.0490397630992 -0.0862272313561 0.0371467582808 -0.0684061774171 0.0111367631828 -0.0651158001407 0.0520135049117 -0.0345696415811 0.155317323596 

2.93131925651 -0.0998047753044 0.0394787554641 0.0112565242509 -0.0735768758345 -0.0204790970989 0.0638788773851 0.240963796102 -0.0693913441534 -0.0067353004458 
-0.0998047753044 2.76650107135 -0.160828052227 0.0161573538114 -0.0804716506176 -0.0315022016456 -0.115111147609 0.463853370802 -0.0797905457272 0.0831539453162 
0.0394787554641 -0.160828052227 2.28918276609 -0.00957879180668 0.0605539604244 0.107888536036 -0.725084244533 0.286831930211 0.279252844238 0.105922662902 
0.0112565242509 0.0161573538114 -0.00957879180668 2.99707235115 0.0136217462735 0.0030549722351 -0.0161217248145 -0.0366376331753 0.0197223187165 0.0366139385164 
-0.0735768758345 -0.0804716506176 0.0605539604244 0.0136217462735 2.89020207156 0.0175835814812 0.0794842542841 0.283335503192 -0.0271771824885 -0.185536924922 
-0.0204790970989 -0.0315022016456 0.107888536036 0.0030549722351 0.0175835814812 2.89974775739 0.123472122957 -0.0468591378141 -0.138697161854 0.0755359119108 
0.0638788773851 -0.115111147609 -0.725084244533 -0.0161217248145 0.0794842542841 0.123472122957 2.23896204599 0.219930123543 0.350776367228 0.0998632449998 
0.240963796102 0.463853370802 0.286831930211 -0.0366376331753 0.283335503192 -0.0468591378141 0.219930123543 1.75990531963 -0.0141201798116 0.181260793165 
-0.0693913441534 -0.0797905457272 0.279252844238 0.0197223187165 -0.0271771824885 -0.138697161854 0.350776367228 -0.0141201798116 2.63754876214 0.0715708678152 
-0.00673530044581 0.0831539453162 0.105922662902 0.0366139385164 -0.185536924922 0.0755359119108 0.0998632449998 0.181260793165 0.0715708678152 0.281937110144 

2.92194220578 -0.0845858538602 0.0824661468326 0.0176384702848 -0.143296820477 0.0135924690835 0.0948070733391 0.193208903193 -0.0463139381652 0.00341015248797 
-0.0845858538602 2.85115746797 -0.0699695805197 0.0220893967598 -0.149459346085 0.0135849320433 -0.043888970819 0.138959124763 -0.0548853176694 0.177439355617 
0.0824661468326 -0.0699695805197 2.22810238469 -0.0143819956569 0.165975133448 0.167795045711 -0.700511254619 -0.286426012648 0.196719939842 0.367973797482 
0.0176384702848 0.0220893967598 -0.0143819956569 2.99528740403 0.0332009837308 0.00241497692591 -0.0176792696356 -0.0250754671894 0.0162762246798 0.000653479874892 
-0.143296820477 -0.149459346085 0.165975133448 0.0332009837308 2.73053707157 0.0242111516729 0.187912114274 0.348222828277 -0.0850064769601 -0.0708936579707 
0.0135924690835 0.0135849320433 0.167795045711 0.00241497692591 0.0242111516729 2.83356200132 0.132759177345 -0.207181664518 -0.137272149762 0.0263847267588 
0.0948070733391 -0.043888970819 -0.700511254619 -0.0176792696356 0.187912114274 0.132759177345 2.34843406032 -0.290094490457 0.180455881582 0.345712469341 
0.193208903193 0.138959124763 -0.286426012648 -0.0250754671894 0.348222828277 -0.207181664518 -0.290094490457 1.83029808074 -0.0906399050462 0.239506420459 
-0.0463139381652 -0.0548853176694 0.196719939842 0.0162762246798 -0.0850064769601 -0.137272149762 0.180455881582 -0.0906399050462 2.83307063341 0.111708298453 
0.00341015248797 0.177439355617 0.367973797482 0.000653479874892 -0.0708936579707 0.0263847267588 0.345712469341 0.239506420459 0.111708298453 0.914628268066 

2.95255355626 0.0168501116328 -0.00437761175627 0.00253263755711 -0.0746544936556 0.0643140162483 -0.0077651011335 0.112293730453 0.0365302267788 0.0111213913767 
0.0168501116328 2.94822194837 0.0242185685865 0.00220640047973 0.0195777139263 -0.0353606049675 0.0315213820639 -0.0968493751379 -0.0420538450989 0.0152416930481 
-0.00437761175626 0.0242185685865 2.15004318026 -0.0136593481426 0.107472453242 0.190476043717 -0.806573924703 -0.623026257104 0.223197307664 0.322007519485 
0.00253263755712 0.00220640047973 -0.0136593481426 2.99905967941 0.0101229184124 -0.000411733373709 -0.0135837260933 -0.0109788563627 0.00705734752318 -0.0179683198798 
-0.0746544936556 0.0195777139263 0.107472453242 0.0101229184124 2.82496368323 0.0842653976539 0.101371786483 0.252789604483 -0.0128090337578 0.192142474188 
0.0643140162483 -0.0353606049675 0.190476043717 -0.000411733373707 0.0842653976539 2.79991682586 0.17653019516 -0.241430938303 -0.144516090873 -0.156568065305 
-0.00776510113349 0.0315213820639 -0.806573924703 -0.0135837260933 0.101371786483 0.17653019516 2.2310233522 -0.597774854199 0.21582020564 0.275633530738 
0.112293730453 -0.0968493751379 -0.623026257104 -0.0109788563627 0.252789604483 -0.241430938303 -0.597774854199 1.43497420621 -0.121627419917 0.0918462114562 
0.0365302267788 -0.0420538450989 0.223197307664 0.00705734752317 -0.0128090337578 -0.144516090873 0.21582020564 -0.121627419917 2.82894057999 0.0995046575879 
0.0111213913767 0.0152416930481 0.322007519485 -0.0179683198798 0.192142474188 -0.156568065305 0.275633530738 0.0918462114562 0.0995046575879 1.44975346538 

2.97511706217 0.0121097175681 -0.051919428907 -0.0040813666203 0.0116140429095 0.0141326443171 -0.0549197922526 -0.0243311169723 0.0449267942399 -0.0356893113744 
0.0121097175681 2.97794649208 0.0478971148607 -0.000563728612547 0.0174913836882 -0.0367966016975 0.0428131866582 -0.0841530400572 -0.0242172606238 -0.0648764470542 
-0.051919428907 0.0478971148607 2.22736381385 -0.0129933180984 0.0563433175583 0.0998132284286 -0.747280677771 -0.71876583328 0.155012591375 0.317853786832 
-0.0040813666203 -0.000563728612546 -0.0129933180984 2.99868958568 0.00675750850904 -0.00244011661165 -0.0143064917993 -0.0303196526111 0.00811722429141 -0.0199939109664 
0.0116140429095 0.0174913836882 0.0563433175583 0.00675750850904 2.90683945191 0.0383090294303 0.0587874591218 0.176286893398 -0.0571821292242 0.247875018974 
0.0141326443171 -0.0367966016975 0.0998132284286 -0.00244011661165 0.0383090294303 2.93011701733 0.0878443138124 -0.118542694198 -0.0300899800147 -0.113219642087 
-0.0549197922526 0.0428131866582 -0.747280677771 -0.0143064917993 0.0587874591218 0.0878443138124 2.27299482782 -0.738449759859 0.153108264114 0.301532736433 
-0.0243311169723 -0.0841530400572 -0.71876583328 -0.0303196526111 0.176286893398 -0.118542694198 -0.738449759859 1.27318645414 0.0679738488534 -0.151748879876 
0.0449267942399 -0.0242172606238 0.155012591375 0.00811722429141 -0.0571821292242 -0.0300899800147 0.153108264114 0.0679738488534 2.88853291321 0.146300809092 
-0.0356893113744 -0.0648764470542 0.317853786832 -0.0199939109664 0.247875018974 -0.113219642087 0.301532736433 -0.151748879876 0.146300809092 0.53581324703 

2.97750317896 0.0150481774145 -0.0725653662384 -0.00743246789035 0.0269663811575 0.0161953895887 -0.0743908370312 -0.06204482884 0.0502701600476 -0.0449536189237 
0.0150481774145 2.96683234627 0.0733663760472 0.00567263630585 -0.000457310057672 -0.0357361040435 0.0725887009055 -0.01159020202 -0.0391331844771 0.0226607744471 
-0.0725653662384 0.0733663760472 2.24305709549 -0.00954803284264 0.0173284520308 0.102371617872 -0.75423670319 -0.582848113279 0.112560878297 0.103014130667 
-0.00743246789035 0.00567263630585 -0.00954803284264 2.99375299001 0.0128473020437 0.00205250526922 -0.0118679908308 -0.0685329493025 0.0272057552309 -0.00942709374364 
0.0269663811575 -0.000457310057672 0.0173284520308 0.0128473020437 2.94552310181 0.00504484381504 0.0230546760776 0.128054082922 -0.0703150647368 0.0770591824087 
0.0161953895887 -0.0357361040435 0.102371617872 0.00205250526922 0.00504484381504 2.95687074722 0.0995554771124 -0.057538364662 -0.0305821400649 0.0124159833647 
-0.0743908370312 0.0725887009055 -0.75423670319 -0.0118679908308 0.0230546760776 0.0995554771124 2.2472204216 -0.61703092139 0.1208860676 0.0960282921612 
-0.06204482884 -0.01159020202 -0.582848113279 -0.0685329493025 0.128054082922 -0.057538364662 -0.61703092139 1.02144204132 0.253960879844 0.000765318089797 
0.0502701600476 -0.0391331844771 0.112560878297 0.0272057552309 -0.0703150647368 -0.0305821400649 0.1208860676 0.253960879844 2.85507141611 0.105450121963 
-0.0449536189237 0.0226607744471 0.103014130667 -0.00942709374364 0.0770591824087 0.0124159833647 0.0960282921612 0.000765318089797 0.105450121963 0.154471880041 

2.98604945089 0.00825596795893 -0.0406643878376 0.00100385467825 0.00255739623591 0.00702099605366 -0.0431230886131 -0.00447730015061 0.00281068308041 -0.0255594593661 
0.00825596795892 2.97427435736 0.116983666216 0.00538059681073 -0.000367021453855 -0.0249580521845 0.119415603144 0.025445577743 -0.0216689980422 0.046133197608 
-0.0406643878376 0.116983666216 2.27308776024 -0.0334281450863 0.00776948662062 0.109892843813 -0.742790762274 -0.387806678471 0.13839045717 0.0582618436521 
0.00100385467825 0.00538059681074 -0.0334281450863 2.9959245271 0.00247398100226 0.00433536532558 -0.033675133233 -0.0751870927936 0.01552755995 -0.010206803382 
0.00255739623591 -0.000367021453858 0.00776948662063 0.00247398100226 2.99427633618 0.00166904079358 0.00828063235059 0.0936032371173 -0.013940245881 0.0556478172247 
0.00702099605366 -0.0249580521845 0.109892843813 0.00433536532557 0.00166904079359 2.97493467124 0.112047681511 -0.012778701789 -0.0159457708919 0.03444557465 
-0.0431230886131 0.119415603144 -0.742790762274 -0.033675133233 0.00828063235059 0.112047681511 2.24072769289 -0.393398601499 0.140602292333 0.053307974818 
-0.00447730015061 0.025445577743 -0.387806678471 -0.0751870927936 0.0936032371173 -0.012778701789 -0.393398601499 0.724732612373 0.331277401639 0.0478604905307 
0.00281068308041 -0.0216689980422 0.13839045717 0.01552755995 -0.013940245881 -0.0159457708919 0.140602292333 0.331277401639 2.9338294894 0.109160439361 
-0.0255594593661 0.046133197608 0.0582618436521 -0.010206803382 0.0556478172247 0.03444557465 0.053307974818 0.0478604905307 0.109160439361 0.131336442094 

2.960460919 -0.0221311825921 0.014263851041 0.0389859621973 -0.0120827281639 -0.0271128166585 0.0125807809509 0.0671026500282 -0.0575698867797 2.88686340255e-05 
-0.0221311825921 2.8317447934 -0.105195855601 0.00513725848869 -0.04291401126 -0.178337680696 -0.100320962449 0.000176384186306 -0.0271309482282 0.00365785769026 
0.014263851041 -0.105195855601 1.88902135898 -0.0769924379406 -0.0215356241371 -0.131612392209 -1.10811418145 -0.0381464405075 0.216407161154 0.0301020678803 
0.0389859621973 0.00513725848869 -0.0769924379406 2.94165608868 -0.00920680865177 0.0115657596743 -0.0740629615671 -0.103157783061 0.0643035299106 -0.0304851717528 
-0.0120827281639 -0.04291401126 -0.0215356241371 -0.00920680865178 2.9159573416 -0.0287757571933 -0.0185559653021 0.0333672766694 -0.0672278679442 0.0149004217544 
-0.0271128166585 -0.178337680696 -0.131612392209 0.0115657596743 -0.0287757571933 2.80502645254 -0.127025775571 0.00144514618099 -0.0136981754874 0.000484542119974 
0.0125807809509 -0.100320962449 -1.10811418145 -0.0740629615671 -0.0185559653021 -0.127025775571 1.89433051061 -0.0354108824977 0.214487653435 0.0299056215742 
0.0671026500282 0.000176384186306 -0.0381464405075 -0.103157783061 0.0333672766694 0.00144514618099 -0.0354108824977 0.211715302338 0.242216340177 0.0256465380981 
-0.0575698867797 -0.0271309482282 0.216407161154 0.0643035299106 -0.0672278679442 -0.0136981754874 0.214487653435 0.242216340177 2.79532257153 0.112120279383 
2.88686340239e-05 0.00365785769027 0.0301020678803 -0.0304851717528 0.0149004217544 0.000484542119978 0.0299056215742 0.0256465380981 0.112120279383 0.0181219230587 

