kV
1.61245154966 

kP
0.65 

Mu_t
0.0 10.8997500794 21.7995001589 32.6992502383 43.5990003177 54.4987503971 65.3985004766 76.298250556 

Sigma_t
9.5372813195 

9.5372813195 

9.5372813195 

9.5372813195 

9.5372813195 

9.5372813195 

9.5372813195 

9.5372813195 

mu_x
0.00594125616398 -0.0122430010119 -0.00229001522929 -0.00481307617426 0.00221128697308 0.0245800482946 0.075985015218 0.0787434926958 
-0.0765307731618 -0.0886273764057 -0.0880843970054 -0.0807553735225 -0.075719333209 0.0876369647659 0.183908343907 0.181374431571 
-0.0186204371377 -0.0428845937359 -0.0415960364865 -0.0411409000264 -0.0489358360715 -0.068111405094 -0.0934843200546 -0.106206711022 

Wp
0.797695253084 -0.00356522807708 0.00425746944837 
-0.00356522807708 0.757298181802 -0.0072623603687 
0.00425746944837 -0.0072623603687 0.786978275334 

0.748918243325 -0.0364417289341 0.0320071145714 
-0.0364417289341 0.692079809312 0.0107161779531 
0.0320071145714 0.0107161779531 0.720319051669 

0.781108571482 0.00653784952016 0.023475347537 
0.00653784952016 0.727843875108 -0.0147800804847 
0.023475347537 -0.0147800804847 0.747868465256 

0.718444410383 -0.0235528105177 0.0276030439119 
-0.0235528105177 0.693202210407 -0.0194357241875 
0.0276030439119 -0.0194357241875 0.743794836047 

0.747060562013 0.0266443246962 0.0159095819295 
0.0266443246962 0.61515963615 -0.0237198132968 
0.0159095819295 -0.0237198132968 0.744611584052 

0.688176696949 -0.0281753743451 0.0131390059926 
-0.0281753743451 0.509644987328 -0.0148520906347 
0.0131390059926 -0.0148520906347 0.736004813871 

0.719420081324 -0.00355695299448 0.0186211950809 
-0.00355695299448 0.545675960385 -0.015844868392 
0.0186211950809 -0.015844868392 0.73077450284 

0.579246948615 0.0292821107549 0.0277254279903 
0.0292821107549 0.512980613254 -0.0103691643421 
0.0277254279903 -0.0103691643421 0.706359737648 

Dofs
1 1 0 1 0 0 0 0 0 0 

ParamValue
0

