kV
1.61245154966 

kP
0.65 

Mu_t
0.0 11.7912504541 23.5825009081 35.3737513622 47.1650018162 58.9562522703 70.7475027243 82.5387531784 94.3300036324 106.121254086 

Sigma_t
10.6121254086 

10.6121254086 

10.6121254086 

10.6121254086 

10.6121254086 

10.6121254086 

10.6121254086 

10.6121254086 

10.6121254086 

10.6121254086 

mu_x
0.0255573879514 0.301035456859 0.359267749204 0.337730705053 0.354611836172 0.491080891514 0.506636060286 0.565585948264 0.568454011942 0.551515079537 
-0.0125552910131 -0.00980891741964 0.0696261632147 0.055462278157 0.0474405342952 0.0566790560199 0.0496475756518 0.0439331200277 0.12610198345 0.142424822902 
-0.0468326939055 -0.536857829991 -0.606125130374 -0.596134419858 -0.601768687011 -0.587658994901 -0.612375815107 -0.596606101342 -0.61627867872 -0.62438829467 

Wp
0.753221976834 -0.0332596746532 0.0226442543789 
-0.0332596746532 0.633018595707 -0.0215542299716 
0.0226442543789 -0.0215542299716 0.720188606801 

0.624562109053 0.0300148888546 0.0445329307961 
0.0300148888546 0.568962499098 0.0369180174441 
0.0445329307961 0.0369180174441 0.573628185266 

0.534227856459 0.0140399048713 -0.0316756200624 
0.0140399048713 0.658554484701 0.0250021999697 
-0.0316756200624 0.0250021999697 0.759295951991 

0.610568834642 0.0417046764437 -0.0674595967533 
0.0417046764437 0.681135089207 0.0105618231385 
-0.0674595967533 0.0105618231385 0.77580872687 

0.56580826859 -0.0102718663065 -0.0387324030721 
-0.0102718663065 0.599727287034 0.0325145309999 
-0.0387324030721 0.0325145309999 0.749920764356 

0.57094198958 -0.0389255861502 0.0220653546303 
-0.0389255861502 0.568255702746 0.0083454261639 
0.0220653546303 0.0083454261639 0.703559551956 

0.535978409592 -0.0373112729674 0.0295861537397 
-0.0373112729674 0.579171587201 0.00639490607421 
0.0295861537397 0.00639490607421 0.724717680511 

0.594393957806 0.00511481221807 0.0106518830325 
0.00511481221807 0.52097025983 0.0140108495307 
0.0106518830325 0.0140108495307 0.722273255121 

0.654142466295 -0.0231316273566 0.0372508447823 
-0.0231316273566 0.506338468658 -0.0279524191076 
0.0372508447823 -0.0279524191076 0.683414767729 

0.653839563782 -0.0444722075106 0.0134950916822 
-0.0444722075106 0.562242299655 -0.0374658217125 
0.0134950916822 -0.0374658217125 0.662044033612 

Dofs
1 1 0 1 0 0 0 0 0 0 

ParamValue
1

