kV
2.04939015319 2.04939015319 2.04939015319 2.04939015319 2.04939015319 2.04939015319 2.04939015319 2.04939015319 2.04939015319 2.04939015319 

kP
1.05 1.05 1.05 1.05 1.05 1.05 1.05 1.05 1.05 1.05 

Mu_t
0.0 5.8380378484 11.6760756968 17.5141135452 23.3521513936 29.190189242 35.0282270904 40.8662649388 46.7043027872 52.5423406356 58.380378484 64.2184163324 70.0564541808 75.8944920292 81.7325298776 87.570567726 93.4086055744 99.2466434228 105.084681271 110.92271912 

Sigma_t
4.43690876479 

4.43690876479 

4.43690876479 

4.43690876479 

4.43690876479 

4.43690876479 

4.43690876479 

4.43690876479 

4.43690876479 

4.43690876479 

4.43690876479 

4.43690876479 

4.43690876479 

4.43690876479 

4.43690876479 

4.43690876479 

4.43690876479 

4.43690876479 

4.43690876479 

4.43690876479 

Mu_x
0.203157065552 0.20411534394 0.20728900631 0.206179119321 0.201186650293 0.197968774985 0.204266843033 0.213808125133 0.230612652104 0.117576413847 0.10231570839 0.122581687845 0.129644870643 0.128623144894 0.105977364665 0.0888974363706 0.0958280037771 0.0686348582857 0.040819964295 0.00920951293573 
-0.0211100662097 -0.00739010674831 -0.00283862621899 0.00186410474981 0.0038596468006 0.0220443968117 -0.0039773980933 0.000425149494825 0.00471217237108 -0.019727454539 0.185055739212 0.161437127511 0.160794780619 0.136987940786 0.136491070654 0.252007883774 0.337443036301 0.2595598042 0.277852137615 0.29419128735 
1.94160458761 1.95208670976 1.95118863091 1.95579930375 1.95255600881 1.96431183035 1.95754537077 1.96097454275 1.95749426696 1.96468744774 1.93490296686 1.94100552948 1.95151279321 1.94736675901 1.913406299 1.83918754391 1.84335950712 1.84962054798 1.77604021606 1.46785241074 
-0.596201303978 -0.59831349368 -0.596393400655 -0.59640832218 -0.596867711759 -0.596492132473 -0.597358769121 -0.601456161963 -0.60245738854 -0.629925296213 -0.609717007466 -0.59443962426 -0.585418540126 -0.586216266769 -0.591444620919 -0.584732332434 -0.594954158386 -0.579563750245 -0.583012670335 -0.622649202891 
0.180096918725 0.177276186457 0.172732766759 0.166864990046 0.159213989742 0.146301322014 0.154993834924 0.167544367887 0.18171871946 0.10465406082 0.0721368348548 0.0607520674724 0.0607705889069 0.0536849667715 0.0414501919865 0.0198979504428 0.0332372635245 -0.0168735590016 -0.0359176228376 -0.0141166312998 
-0.570588419553 -0.568048439387 -0.503718500309 -0.46343190737 -0.434833237812 -0.433099159807 -0.374829332288 -0.346853387192 -0.327835596133 -0.375444695914 -0.143853775572 -0.188808661684 -0.170419646721 -0.19800910187 -0.198796451629 -0.0950995612526 0.00837534486218 -0.0919977264277 -0.0533273522249 -0.0373789055875 
0.815509794425 0.792437541349 0.758399082853 0.73830619808 0.707511043801 0.671402750451 0.659783696763 0.631253011395 0.614256767263 0.629251959538 0.592988125312 0.60514159488 0.611180623025 0.608307733185 0.573873339172 0.503002419925 0.502089257688 0.515446132288 0.435931892375 0.126235390933 
0.0249464354601 0.0311842792885 0.0597905224129 0.0824864125323 0.112218614532 0.126198190351 0.188932830381 0.320671636032 0.407246257418 0.407818325775 0.294180288677 0.954267736298 -0.407677789356 0.892742967158 1.01381027487 0.987385068302 0.992090799581 0.9911293045 0.992041348956 0.987748168043 
0.215774365054 0.268841584621 0.487441446356 0.63125773259 0.776983961684 0.838059260032 1.04515139399 1.22573597703 1.29521245404 1.27306724428 1.31436771349 1.09696879417 1.28093301858 1.17471590107 1.04702789117 1.07184830388 1.06744095771 1.06832557046 1.06756418446 1.07106769283 
-1.51105668154 -1.51238103148 -1.51476997174 -1.51948371188 -1.51836944023 -1.52056581763 -1.51997551607 -1.51981197285 -1.51817720575 -1.52699856592 -1.46219850462 -1.80234978338 -1.26977656802 -1.71885935189 -1.83601714824 -1.80746775696 -1.81332752794 -1.79965544802 -1.87173963991 -1.41337184083 

Wp
1.97253382567 -0.00241874778951 -0.00581835065245 -0.00100142307415 -0.0229476489354 -0.00262584911756 -0.00609603774404 4.63998001539e-05 0.000394781127314 -3.66401961886e-06 
-0.0024187477895 1.98260958925 -0.0142850570697 -0.00053803476618 -0.00188558071221 -0.0186532497176 -0.0126004528581 -0.000172301714535 -0.00146603190006 2.69025906757e-05 
-0.00581835065244 -0.0142850570697 1.98186699861 -0.000505905549907 -0.00592377459635 -0.016157122768 -0.0166697344126 -8.78859985055e-05 -0.000747739285782 1.48627932372e-05 
-0.00100142307416 -0.00053803476618 -0.000505905549906 1.9972316371 0.000906441836301 -0.000200981882946 -0.000741852471249 5.11755115176e-06 4.35343288106e-05 -6.86377738125e-09 
-0.0229476489354 -0.00188558071222 -0.00592377459635 0.000906441836304 1.97859463198 -0.0021790419814 -0.00643015240985 0.000100267834365 0.000852878935447 -1.33921237105e-05 
-0.00262584911755 -0.0186532497176 -0.016157122768 -0.00020098188295 -0.00217904198139 1.97540732806 -0.0129456684236 -5.27381883426e-05 -0.000448739287148 2.34833160791e-05 
-0.00609603774403 -0.0126004528581 -0.0166697344126 -0.000741852471248 -0.00643015240985 -0.0129456684236 1.98183752417 0.000268484688475 0.00228367595015 -4.83967584332e-05 
4.6399800153e-05 -0.000172301714534 -8.78859985059e-05 5.11755115122e-06 0.000100267834366 -5.27381883427e-05 0.000268484688475 1.99993230692 -0.000575582911137 1.04070210458e-05 
0.000394781127319 -0.00146603190006 -0.000747739285781 4.35343288128e-05 0.00085287893545 -0.000448739287151 0.00228367595015 -0.000575582911135 1.99510583645 8.85396035499e-05 
-3.66401961982e-06 2.69025906735e-05 1.48627932353e-05 -6.86378233615e-09 -1.3392123709e-05 2.34833160832e-05 -4.83967584337e-05 1.04070210452e-05 8.8539603544e-05 1.99999096626 

1.99088040295 0.0111002413687 0.00573227890194 0.00132854468816 -0.010530861511 0.00765184240926 0.00777619526735 -0.00114404424688 -0.00928218519991 0.000480492759625 
0.0111002413687 1.96932646402 -0.0155123279604 -0.000441365165056 0.00887616719618 -0.0359877040466 -0.00539397910136 -0.00272664485471 -0.0223573164919 8.80379767989e-05 
0.00573227890194 -0.0155123279604 1.98902092896 -0.000804582381683 0.00493516429328 -0.020162597502 -0.00452712665671 -0.0016008000311 -0.0133407522709 0.0002397804115 
0.00132854468816 -0.000441365165057 -0.000804582381686 1.99666471657 0.00687094112321 0.00291952776175 -0.00189879170185 0.00117310249071 0.00955672597612 8.49690240663e-05 
-0.010530861511 0.00887616719618 0.00493516429328 0.00687094112321 1.97526500154 -0.00329833053332 0.00577406631975 -0.00275451310486 -0.0222996880733 0.000491193692009 
0.00765184240926 -0.0359877040466 -0.020162597502 0.00291952776175 -0.00329833053332 1.90564071798 0.0111511943577 -0.0136642438091 -0.110839575289 0.00334309714502 
0.00777619526735 -0.00539397910135 -0.00452712665671 -0.00189879170186 0.00577406631975 0.0111511943577 1.95877047205 0.0135826046078 0.110863679834 -0.00111888442806 
-0.00114404424688 -0.0027266448547 -0.0016008000311 0.0011731024907 -0.00275451310486 -0.0136642438091 0.0135826046078 1.99127870268 -0.071161746572 -9.35660715048e-05 
-0.00928218519991 -0.0223573164919 -0.0133407522709 0.00955672597612 -0.0222996880733 -0.110839575289 0.110863679834 -0.071161746572 1.41899499282 -0.000796392274623 
0.000480492759626 8.80379767933e-05 0.000239780411504 8.49690240729e-05 0.000491193692013 0.00334309714501 -0.00111888442806 -9.35660715047e-05 -0.000796392274622 1.99823949683 

1.97194702534 0.0298777706265 0.0228643910328 -0.0056825987799 -0.0121248145918 0.0266766681131 0.021386607471 -0.00289782445708 -0.0190907781747 -0.00201927899164 
0.0298777706265 1.94743626844 -0.0359257063552 0.00392828958916 0.00961331540804 -0.0474437824498 -0.0393217076193 0.00792320991026 0.053734534858 0.00340275452698 
0.0228643910328 -0.0359257063552 1.96837791596 0.00264726885221 0.00713404558006 -0.0351637230167 -0.0297495285686 0.00252193753313 0.0166945113094 0.00186438124614 
-0.00568259877991 0.00392828958917 0.00264726885221 1.99412764926 0.00217175643438 0.00706323512809 0.00355097312664 0.00183603796653 0.014516103793 0.000497540000072 
-0.0121248145918 0.00961331540804 0.00713404558006 0.00217175643438 1.9865151838 -0.000599729914216 0.00161263788904 -0.00404291022567 -0.0299684940457 -0.000314030672217 
0.0266766681131 -0.0474437824498 -0.0351637230167 0.00706323512809 -0.000599729914215 1.90333490262 -0.0534756098961 -0.00966484933437 -0.0751828337815 0.00998272242247 
0.021386607471 -0.0393217076193 -0.0297495285686 0.00355097312664 0.00161263788904 -0.0534756098961 1.92680008477 0.0127672568107 0.0892205192399 0.0026945000484 
-0.00289782445708 0.00792320991026 0.00252193753312 0.00183603796652 -0.00404291022567 -0.00966484933438 0.0127672568107 1.98676845709 -0.0952856192036 0.00228112444297 
-0.0190907781747 0.053734534858 0.0166945113094 0.014516103793 -0.0299684940457 -0.0751828337815 0.0892205192399 -0.0952856192036 1.31116277639 0.0160637797073 
-0.00201927899164 0.00340275452698 0.00186438124614 0.000497540000075 -0.000314030672218 0.00998272242247 0.0026945000484 0.00228112444297 0.0160637797073 1.99150730834 

1.97736833054 0.0132166381397 0.00779304545502 -0.00490751091895 -0.0125812709138 0.0278636660455 0.0128896374979 0.00233154287738 0.0154342113115 0.00372452962446 
0.0132166381397 1.97237943472 -0.00941833745848 0.00192973482313 0.00357349630202 -0.0298657120642 -0.0067867399128 0.00223262522392 0.0149802822868 -0.00411004021224 
0.00779304545503 -0.00941833745849 1.9904259049 0.00185045912346 -0.000213630897076 -0.0223197401919 -0.0162407886889 -0.000159398252416 -0.00210086406083 -0.00143368040489 
-0.00490751091895 0.00192973482314 0.00185045912345 1.99032134261 0.00836945110531 0.0025210333484 0.0130700819819 -5.36240080891e-05 0.000767717296151 -0.004288669338 
-0.0125812709138 0.00357349630201 -0.000213630897072 0.00836945110531 1.97277337844 0.00935235769164 -0.0206641994426 0.0036069591861 0.0217386029523 0.00853509700277 
0.0278636660455 -0.0298657120642 -0.0223197401919 0.0025210333484 0.00935235769164 1.86869366358 -0.0422570096252 -0.0162354128203 -0.0972744293876 -0.0150852348615 
0.0128896374979 -0.00678673991279 -0.0162407886889 0.0130700819819 -0.0206641994426 -0.0422570096252 1.90101826107 0.0083921084704 0.0502523249832 0.00725093395527 
0.00233154287738 0.00223262522392 -0.000159398252418 -5.36240080893e-05 0.0036069591861 -0.0162354128203 0.0083921084704 1.99135964189 -0.0530684666198 -0.00358440559625 
0.0154342113115 0.0149802822868 -0.00210086406083 0.000767717296151 0.0217386029523 -0.0972744293876 0.0502523249832 -0.0530684666198 1.67045627916 -0.021506437239 
0.00372452962446 -0.00411004021223 -0.0014336804049 -0.00428866933801 0.00853509700278 -0.0150852348615 0.00725093395527 -0.00358440559625 -0.021506437239 1.99225947949 

1.98601006746 0.0161179906816 0.00960425503525 0.00100129024524 -0.00614106638752 0.0140610663032 0.00696806030716 -0.00357758939128 -0.0183644750279 -0.000535406494743 
0.0161179906816 1.96225338946 -0.0132832013362 0.000162396496425 -0.000881542179793 -0.0422465820627 -0.0128398819935 0.00134498063621 0.00628509612429 0.00279297803647 
0.00960425503525 -0.0132832013362 1.98663937584 -0.000731352504116 0.00130396884225 -0.0115396533196 -0.0114948925627 0.00470105744876 0.0240193457286 -0.000867529670304 
0.00100129024524 0.000162396496434 -0.000731352504121 1.99514721493 0.00730272514453 -0.000221538567819 -0.00144869705623 -0.00193499909899 -0.0086726095706 -0.000447733092715 
-0.00614106638752 -0.000881542179795 0.00130396884226 0.00730272514453 1.9789686133 0.00483112073733 -0.00304652813531 0.000992026219034 0.00363961278115 0.000666773151212 
0.0140610663032 -0.0422465820627 -0.0115396533196 -0.000221538567819 0.00483112073733 1.87248518496 -0.0139667488164 -0.0221555437316 -0.10619513192 0.00207549065817 
0.00696806030717 -0.0128398819935 -0.0114948925627 -0.00144869705623 -0.00304652813531 -0.0139667488164 1.96792166648 0.00419090255022 0.0207418641954 0.00104710051581 
-0.00357758939128 0.00134498063621 0.00470105744876 -0.00193499909899 0.000992026219034 -0.0221555437316 0.00419090255022 1.98403391408 -0.077307464879 -0.000887140510508 
-0.0183644750279 0.00628509612429 0.0240193457286 -0.0086726095706 0.00363961278115 -0.10619513192 0.0207418641954 -0.077307464879 1.62196384991 -0.00364252444105 
-0.000535406494743 0.00279297803646 -0.000867529670307 -0.000447733092716 0.000666773151205 0.00207549065817 0.00104710051581 -0.000887140510508 -0.00364252444105 1.99800766238 

1.96804650822 0.0346652155183 0.015935430293 -0.00915969671049 -0.0090519052047 0.0390704747608 0.0148717669213 -0.011930167933 -0.0484711151417 0.00246945887559 
0.0346652155183 1.91704311799 -0.0367612598883 0.00873367599657 -0.00510438434159 -0.104294590616 -0.0227178219834 0.0059696641759 0.0194807311442 -0.0120805136788 
0.015935430293 -0.0367612598883 1.97925865784 0.0026778022279 -0.00283055300837 -0.0496238759074 -0.0163096703278 0.000933813640278 0.00237458049291 -0.00582444823815 
-0.00915969671049 0.00873367599658 0.0026778022279 1.99087067882 0.00365979473335 0.0134733603066 -0.00206417687763 -0.00149900677995 -0.00573042797121 0.00211736980395 
-0.0090519052047 -0.00510438434159 -0.00283055300837 0.00365979473335 1.98237924984 -0.0180578078655 0.00523193044062 -0.0112811917886 -0.0468764944752 -0.00457667960954 
0.0390704747608 -0.104294590616 -0.0496238759074 0.0134733603066 -0.0180578078655 1.77223778958 -0.0303337420585 -0.0406632818781 -0.165109707172 -0.0233074751 
0.0148717669213 -0.0227178219834 -0.0163096703278 -0.00206417687763 0.00523193044062 -0.0303337420585 1.96782420921 0.00679622333532 0.0279199185369 -0.000613897152317 
-0.011930167933 0.0059696641759 0.000933813640276 -0.00149900677995 -0.0112811917886 -0.0406632818781 0.00679622333533 1.95965261144 -0.159006339874 -0.00457389460622 
-0.0484711151417 0.0194807311442 0.00237458049291 -0.00573042797121 -0.0468764944752 -0.165109707172 0.0279199185369 -0.159006339874 1.37016005563 -0.0193811086374 
0.00246945887559 -0.0120805136788 -0.00582444823815 0.00211736980395 -0.00457667960954 -0.0233074751 -0.000613897152311 -0.00457389460622 -0.0193811086374 1.99384462164 

1.9872633205 0.0209773746157 0.010809757612 -0.00147801087799 -0.00444826197381 0.0258896852415 0.00806346898468 0.00531812620214 0.0119945889359 0.000279779477791 
0.0209773746157 1.93353152483 -0.0291797209495 0.000379419445873 0.00436131567557 -0.0740036922888 -0.0181641507657 -0.0138396272844 -0.0247306720226 -0.000636106653504 
0.010809757612 -0.0291797209494 1.98507540451 0.00118834422547 0.00109175461376 -0.0339594033448 -0.0109142680922 -0.00657839069799 -0.012011256481 -0.000290422450485 
-0.00147801087799 0.00037941944587 0.00118834422547 1.99480064761 0.00538908108024 -0.000290741144171 0.00289781795133 0.000828161021901 0.00107399735053 1.59854282991e-05 
-0.00444826197381 0.00436131567557 0.00109175461376 0.00538908108024 1.98874305645 0.00476966938468 -0.00283761032659 0.000413587014822 0.00256060049792 0.000129076547836 
0.0258896852416 -0.0740036922888 -0.0339594033448 -0.000290741144172 0.00476966938468 1.85723488704 -0.0217074904874 -0.0573852078811 -0.139560992739 -0.000356427533504 
0.00806346898468 -0.0181641507657 -0.0109142680922 0.00289781795133 -0.00283761032659 -0.0217074904874 1.97886280036 0.00617180806981 0.0113177795323 0.000488643693055 
0.00531812620214 -0.0138396272843 -0.00657839069799 0.000828161021901 0.000413587014823 -0.0573852078811 0.00617180806981 1.93230181661 -0.147697326124 -0.000343262774264 
0.0119945889359 -0.0247306720226 -0.012011256481 0.00107399735053 0.00256060049792 -0.139560992739 0.0113177795323 -0.147697326124 1.63651033744 -0.000743604609081 
0.000279779477791 -0.000636106653502 -0.000290422450486 1.59854282991e-05 0.000129076547837 -0.000356427533503 0.000488643693056 -0.000343262774264 -0.000743604609081 1.9998854087 

1.99217733401 0.00252640753607 0.00436102631361 -0.00176035510813 -0.00269485192788 0.00509754585353 0.00765358394752 -0.00607597470643 -0.0035532015395 8.23020408703e-05 
0.00252640753607 1.96681698964 -0.00772554968791 4.54223940216e-05 -0.00525291336966 -0.041838227383 0.00126718857782 0.00104261786989 0.00266884346408 3.86631267517e-05 
0.00436102631361 -0.00772554968791 1.9910243864 0.00137862132696 -0.00342691433822 -0.00869863406332 -0.00443538852149 0.000178337031686 0.00711755967331 -9.33139764588e-05 
-0.00176035510813 4.54223940218e-05 0.00137862132696 1.99597204353 0.0064697429705 0.00601846916622 0.00432947824753 -0.0029329939008 -0.00135104372039 4.6676342213e-05 
-0.00269485192788 -0.00525291336966 -0.00342691433822 0.00646974297049 1.98101802382 -0.0203422269161 -0.00249091585787 -0.00985405471534 -0.00533891208302 3.4895876532e-05 
0.00509754585354 -0.041838227383 -0.00869863406331 0.00601846916621 -0.0203422269161 1.85540638462 -0.0127659453995 -0.129572744497 -0.167786401563 0.000106167168908 
0.00765358394752 0.00126718857782 -0.00443538852148 0.00432947824752 -0.00249091585786 -0.0127659453995 1.97562562187 0.00119362125112 -0.0189933439665 0.000210172994574 
-0.00607597470644 0.00104261786988 0.000178337031685 -0.0029329939008 -0.00985405471534 -0.129572744497 0.00119362125113 1.66594798149 -0.397591849799 -0.000252564795809 
-0.0035532015395 0.00266884346409 0.00711755967331 -0.00135104372039 -0.00533891208302 -0.167786401563 -0.0189933439665 -0.397591849799 1.43167307201 -0.000343105464667 
8.23020408701e-05 3.8663126751e-05 -9.33139764592e-05 4.66763422139e-05 3.48958765308e-05 0.000106167168905 0.000210172994574 -0.000252564795807 -0.000343105464667 1.9999218109 

1.9781960969 -0.00214775741989 0.00164540341615 -0.00423889939794 -0.0167771298327 -0.000825697343781 0.00340235220594 0.00102394668856 -0.00243338040589 -0.00122262824058 
-0.00214775741989 1.96109221306 0.00313003801476 -0.0051319025707 -0.00395942902569 -0.043784861799 0.00398232583174 -0.0117461368998 -0.0102382076026 0.00250000941749 
0.00164540341616 0.00313003801476 1.99088133408 0.00111371703009 -0.00251146127503 -0.00312664414051 -0.00676594554722 -0.0105826967705 -0.00896590047089 -0.000157535715728 
-0.00423889939794 -0.0051319025707 0.00111371703009 1.9954646391 0.00109229673831 -0.00554484597121 0.00148239633914 -0.0032080266294 -0.00296765657774 -7.19606432844e-05 
-0.0167771298327 -0.0039594290257 -0.00251146127503 0.00109229673831 1.9780262307 -0.00604105936621 -0.00088487279273 -0.00671730152326 -0.00789398578369 -0.000471273673799 
-0.00082569734378 -0.043784861799 -0.00312664414052 -0.00554484597121 -0.00604105936621 1.88715396214 -0.00309616013525 -0.142656513524 -0.106983769025 0.00320245194936 
0.00340235220595 0.00398232583173 -0.00676594554721 0.00148239633915 -0.000884872792726 -0.00309616013524 1.98873279636 -0.0179909153856 -0.0119648490288 0.000521809807446 
0.00102394668856 -0.0117461368998 -0.0105826967705 -0.0032080266294 -0.00671730152326 -0.142656513524 -0.0179909153856 1.58099896646 -0.304034825896 0.000434011618818 
-0.00243338040589 -0.0102382076026 -0.0089659004709 -0.00296765657774 -0.00789398578369 -0.106983769025 -0.0119648490288 -0.304034825896 1.77617726022 -0.00023174263395 
-0.00122262824059 0.0025000094175 -0.000157535715723 -7.1960643284e-05 -0.000471273673804 0.00320245194937 0.00052180980745 0.000434011618813 -0.000231742633953 1.99922563728 

1.89504626628 0.0299427662961 0.0132098893792 -0.006824284939 -0.0907726462941 0.0190045403575 0.0160397177869 0.00603863385392 -0.00336124473519 -0.0108582511649 
0.0299427662961 1.89616038879 -0.000368197751542 -0.0114767475444 0.0217510983698 -0.0781410105857 -0.00664325196608 0.0138324743129 -0.00770164835423 -0.00720394808871 
0.0132098893792 -0.000368197751544 1.98701520675 0.002392202149 0.00643573884026 0.000297177659554 -0.0130736320709 -0.00245573073541 0.0013672331361 0.00150086944073 
-0.006824284939 -0.0114767475444 0.002392202149 1.98173418343 0.0142859139747 -0.00459016217084 0.000240180846916 0.00264501113514 -0.00147248322491 -0.00115908202903 
-0.0907726462941 0.0217510983698 0.00643573884026 0.0142859139747 1.88723557898 0.0148260296845 0.00883961932144 0.00172793980004 -0.000961599828348 -0.00847520045359 
0.0190045403575 -0.0781410105857 0.000297177659556 -0.00459016217084 0.0148260296845 1.89685002265 0.00733042533688 0.0214290120253 -0.0119327384443 -0.0108992938246 
0.0160397177869 -0.00664325196609 -0.0130736320709 0.000240180846918 0.00883961932144 0.00733042533688 1.9833247915 -0.00459531617332 0.00255820576186 0.00258741328444 
0.00603863385393 0.0138324743129 -0.00245573073541 0.00264501113513 0.00172793980003 0.0214290120253 -0.00459531617332 1.98919103042 0.00601103845605 0.00713863818354 
-0.00336124473518 -0.00770164835423 0.0013672331361 -0.00147248322492 -0.000961599828354 -0.0119327384443 0.00255820576186 0.00601103845606 1.99664832572 -0.00397456891278 
-0.0108582511649 -0.00720394808871 0.00150086944073 -0.00115908202903 -0.00847520045359 -0.0108992938246 0.00258741328445 0.00713863818354 -0.00397456891279 1.99221443451 

1.92662530126 0.0918479052059 0.0278352256353 -0.00144708925154 -0.050745659016 0.0882941846022 0.027815446265 -0.00426178780711 0.00142783551232 -0.00302018508242 
0.0918479052059 1.59986938092 0.00865379224142 0.0116820325516 0.0436053089107 -0.432192734315 0.018747582319 0.0383896082904 -0.0128618631283 0.0174902767108 
0.0278352256353 0.00865379224143 1.93736809682 -0.0109476200499 0.017561283327 -0.00154638917394 -0.0592397045816 -0.00805021762196 0.00269716063399 -0.00380702401666 
-0.00144708925153 0.0116820325516 -0.0109476200499 1.98447200983 0.017558293595 -0.0110758922377 -0.00537461407061 0.0023183945684 -0.000776934844389 -0.00518302719609 
-0.050745659016 0.0436053089107 0.017561283327 0.017558293595 1.92523578057 0.090474857248 0.00580952635499 0.00112635262338 -0.000377241368313 0.00146030417712 
0.0882941846021 -0.432192734315 -0.00154638917394 -0.0110758922377 0.090474857248 1.35550419968 0.054005040235 0.0407137942331 -0.0136404581606 0.00460443729794 
0.027815446265 0.018747582319 -0.0592397045816 -0.00537461407063 0.00580952635498 0.054005040235 1.93258950691 -0.00833795248203 0.00279352502299 -0.000729756447305 
-0.00426178780711 0.0383896082904 -0.00805021762196 0.00231839456841 0.00112635262338 0.0407137942331 -0.00833795248203 1.62306900312 0.126287926872 0.199868237641 
0.00142783551232 -0.0128618631283 0.00269716063399 -0.00077693484439 -0.000377241368312 -0.0136404581606 0.00279352502299 0.126287926872 1.95768213746 -0.0669699311146 
-0.00302018508241 0.0174902767109 -0.00380702401666 -0.0051830271961 0.00146030417712 0.00460443729794 -0.000729756447306 0.199868237641 -0.0669699311146 1.88548806476 

1.95872874011 0.00443035677219 0.00818746764831 -0.0156861495066 -0.0254059698574 0.0120269633708 0.00567338068602 -0.00287210408313 -0.006726594403 -0.00565716643871 
0.00443035677218 1.8553272701 -0.0280759702832 0.0156624891873 -0.0334440593098 -0.145029767138 -0.0258600998745 0.0384593095004 0.0365696309997 0.00742203684689 
0.00818746764832 -0.0280759702832 1.95716984029 -0.00466719636165 -0.000836304695765 -0.0350917294947 -0.0405713465656 0.00812310778134 0.0195563144 -0.0103226177193 
-0.0156861495066 0.0156624891873 -0.00466719636165 1.97542809411 0.0119101205474 0.0281546496772 -0.00896441383318 -0.0193025925079 -0.0147417472619 -0.0204748169614 
-0.0254059698574 -0.0334440593098 -0.000836304695771 0.0119101205474 1.94682276076 -0.0403963070687 0.00211091342396 0.0261368917671 0.0171185598266 0.0153423022301 
0.0120269633708 -0.145029767138 -0.0350917294947 0.0281546496772 -0.0403963070687 1.77759505538 -0.0132168461521 0.0319349862256 0.0343967801082 0.0148573994111 
0.00567338068603 -0.0258600998745 -0.0405713465656 -0.00896441383318 0.00211091342396 -0.0132168461521 1.95656749127 0.0086248934354 0.0188799503389 -0.0130487556458 
-0.00287210408313 0.0384593095004 0.00812310778134 -0.0193025925079 0.0261368917671 0.0319349862256 0.0086248934354 0.310570068466 -0.0167421658845 0.324553964586 
-0.006726594403 0.0365696309997 0.0195563144 -0.0147417472619 0.0171185598266 0.0343967801082 0.0188799503389 -0.0167421658845 1.15035137603 -0.771053438449 
-0.00565716643871 0.00742203684689 -0.0103226177193 -0.0204748169614 0.0153423022301 0.0148573994111 -0.0130487556458 0.324553964586 -0.771053438449 1.19550568673 

1.94524522045 0.0242977469494 0.0272340190994 -0.0133335755241 -0.0281100444503 0.0303466509217 0.0243268570944 -0.00528158374916 0.0132550488798 -0.0274059866386 
0.0242977469494 1.9157755984 0.00523711288713 -0.00113541876604 0.00685036203991 -0.0941541648792 0.00859191030091 0.011756387444 0.00483051496238 0.0282585302922 
0.0272340190994 0.00523711288713 1.97075352546 0.00873738973082 0.0103691618297 0.0044738788847 -0.0281998254634 0.00291366237027 -0.0176318635094 0.0274693840529 
-0.0133335755241 -0.00113541876604 0.00873738973083 1.9865530084 0.00139195694454 -0.00113299869985 0.00801552834897 0.00617372581058 -0.00677395304592 0.0152594782234 
-0.0281100444503 0.00685036203991 0.0103691618297 0.00139195694454 1.9720450996 0.00755057467432 0.0101049253476 -0.00853396462015 0.0135939103031 -0.0305967258425 
0.0303466509217 -0.0941541648792 0.0044738788847 -0.00113299869985 0.00755057467432 1.85244455297 0.018879820854 0.013560054535 0.00589282958889 0.0297158334267 
0.0243268570944 0.00859191030091 -0.0281998254634 0.00801552834897 0.0101049253476 0.018879820854 1.96997143619 0.00266598073561 -0.0179535479029 0.0272780298983 
-0.00528158374916 0.0117563874439 0.00291366237027 0.00617372581058 -0.00853396462015 0.013560054535 0.0026659807356 0.16205879707 -0.126420271868 0.206866379498 
0.0132550488797 0.00483051496238 -0.0176318635094 -0.00677395304592 0.0135939103031 0.00589282958889 -0.0179535479029 -0.126420271868 0.56231764642 -0.516971598044 
-0.0274059866386 0.0282585302922 0.0274693840529 0.0152594782233 -0.0305967258425 0.0297158334267 0.0272780298983 0.206866379498 -0.516971598044 0.834390010098 

1.95935832566 -0.00364310056073 0.00484585570258 -0.00643711902992 -0.0414216593274 0.0116595932198 0.000950140682842 -0.00794244181285 -0.0146692832188 -0.0072528554849 
-0.00364310056073 1.88136998039 -0.0448208869157 -0.0049821950863 -0.037072471823 -0.111351406003 -0.0449413056767 -0.00520237843181 -0.0523463789085 -0.0279393155769 
0.00484585570259 -0.0448208869157 1.97267973159 -0.00158791873542 -0.0106503996175 -0.0486130783539 -0.0255683631711 0.00431534846091 0.00750552604129 0.0163156578795 
-0.00643711902992 -0.0049821950863 -0.00158791873542 1.99791322464 -0.00756484089815 -0.00333662807245 -0.00196563208357 -0.000352887830527 0.00204129472693 0.00344371492068 
-0.0414216593274 -0.037072471823 -0.0106503996175 -0.00756484089815 1.94428678607 -0.022612848467 -0.0136531153044 -0.00486376431433 -0.019768336783 -0.00408153929963 
0.0116595932198 -0.111351406003 -0.0486130783539 -0.00333662807246 -0.022612848467 1.83884076863 -0.034234369584 0.00310829385652 -0.000256822385132 -0.0166149471512 
0.000950140682844 -0.0449413056767 -0.0255683631711 -0.00196563208356 -0.0136531153044 -0.034234369584 1.97246506708 0.00213849886328 -0.00542170231197 0.0136946665759 
-0.00794244181285 -0.00520237843181 0.00431534846091 -0.000352887830528 -0.00486376431433 0.00310829385652 0.00213849886328 0.207090193064 -0.111033434634 0.322961915439 
-0.0146692832188 -0.0523463789085 0.00750552604129 0.00204129472694 -0.019768336783 -0.00025682238513 -0.00542170231197 -0.111033434634 0.726220280974 -0.540260953117 
-0.0072528554849 -0.0279393155769 0.0163156578795 0.00344371492067 -0.00408153929963 -0.0166149471512 0.0136946665759 0.322961915439 -0.540260953117 1.17058941281 

1.89273801591 0.0265792687669 -0.0115425839859 -0.0173827183639 -0.08446173981 0.0463479473521 -0.017699579762 0.00505916733418 -0.00569234417901 0.0120698310097 
0.0265792687669 1.9060499789 5.65624670103e-05 -0.000841273671124 0.013022742895 -0.110266156619 0.00486262762981 0.0298821155847 -0.00588090866548 0.00190554596642 
-0.0115425839859 5.65624670051e-05 1.90089209791 -0.00332437769866 -0.0145078055334 -0.00797515581391 -0.0968178906149 0.00315985220544 0.00438274623599 0.0102709814513 
-0.0173827183639 -0.000841273671124 -0.00332437769866 1.98706433053 -0.00345167656413 -0.000627280895466 -0.00412654695941 0.000659240056021 -0.0012479169849 0.00604891603065 
-0.0844617398101 0.013022742895 -0.0145078055334 -0.00345167656413 1.91589164776 0.0222507703439 -0.0168014267474 0.00875367120483 -0.00264985666239 0.00969080201 
0.0463479473521 -0.110266156619 -0.00797515581391 -0.000627280895473 0.0222507703439 1.81334738722 0.0125412021389 0.0224756579839 -0.00238666019508 0.0123360269756 
-0.017699579762 0.0048626276298 -0.0968178906149 -0.00412654695942 -0.0168014267474 0.0125412021388 1.90130279444 0.00475434945663 0.00337104694493 0.00779419062816 
0.00505916733418 0.0298821155847 0.00315985220544 0.000659240056022 0.00875367120483 0.0224756579839 0.00475434945663 0.818755588118 0.326106334533 0.529966794658 
-0.00569234417901 -0.00588090866548 0.00438274623598 -0.0012479169849 -0.00264985666238 -0.00238666019508 0.00337104694493 0.326106334533 1.78067019902 -0.263746129012 
0.0120698310097 0.00190554596642 0.0102709814513 0.00604891603066 0.00969080201 0.0123360269756 0.00779419062815 0.529966794658 -0.263746129012 1.64331964625 

1.96094519299 -0.000118801176056 0.0314187021955 -0.00199706417224 -0.019869913941 0.00984806016046 0.027981352657 -0.000721463358259 0.000676066031675 0.00290965963694 
-0.000118801176046 1.7145351861 0.0236142668693 0.00283804239159 -0.0256659647079 -0.240592401095 0.0136673856564 0.000336142173648 -0.00031497863659 0.0147892580413 
0.0314187021955 0.0236142668693 1.93524568585 0.00549396860338 0.00649167217618 0.00551589019985 -0.0590546868185 -0.00142132969404 0.00133187200443 -0.00085031054719 
-0.00199706417225 0.00283804239159 0.00549396860337 1.98943820982 0.00954560543594 -0.00658179476279 0.00737887374095 0.000260111350137 -0.000243737364896 0.00106015603697 
-0.019869913941 -0.0256659647079 0.00649167217617 0.00954560543594 1.96914559915 -0.00859656246338 0.00262744432328 -0.000691442962508 0.00064792563985 0.00290471730792 
0.00984806016045 -0.240592401095 0.00551589019985 -0.00658179476279 -0.00859656246338 1.70843260346 0.0196545818216 0.000517173144859 -0.000484650320012 0.00807323153794 
0.027981352657 0.0136673856564 -0.0590546868185 0.00737887374096 0.00262744432329 0.0196545818216 1.94051945797 -0.00145920980635 0.00136737708534 0.000821339595579 
-0.000721463358261 0.000336142173649 -0.00142132969404 0.000260111350136 -0.000691442962506 0.000517173144857 -0.00145920980635 1.99915472079 0.000791982968812 0.000959881960643 
0.000676066031676 -0.000314978636592 0.00133187200443 -0.000243737364895 0.000647925639847 -0.00048465032001 0.00136737708535 0.000791982968811 1.99925787935 -0.000899436531366 
0.00290965963693 0.0147892580413 -0.000850310547191 0.00106015603696 0.00290471730792 0.00807323153792 0.000821339595585 0.000959881960644 -0.000899436531368 1.99501613378 

1.94035954346 0.0158220153137 0.0120445987571 -0.0161688189884 -0.0529840040243 0.0182648283498 0.011102654192 -0.000117997934884 0.000110181455797 0.000622450030961 
0.0158220153137 1.86014662206 -0.0240933816648 0.0154922462646 -0.0123686457589 -0.136462525495 -0.0234658353591 -0.000391021086831 0.000365118869596 0.000872893538387 
0.0120445987571 -0.0240933816648 1.97311207038 -0.00371456676772 0.0123962226732 -0.039384415035 -0.0231654487425 2.36428177759e-05 -2.20766582558e-05 0.00041375941361 
-0.0161688189884 0.0154922462646 -0.00371456676772 1.97690916044 0.00340805905112 0.011965698644 -0.00388837790621 5.46066994804e-05 -5.09894148139e-05 0.000609549407708 
-0.0529840040243 -0.0123686457589 0.0123962226732 0.00340805905111 1.92757492777 -0.00680065623307 0.0120301403552 -0.000164623582503 0.00015371850363 0.000225562394853 
0.0182648283498 -0.136462525495 -0.039384415035 0.011965698644 -0.00680065623306 1.82704239672 -0.0290511298925 -0.000686118482727 0.000640668274039 0.00169521389508 
0.011102654192 -0.0234658353591 -0.0231654487425 -0.00388837790622 0.0120301403552 -0.0290511298925 1.97812468157 0.000102206507336 -9.54360920247e-05 0.000223929869189 
-0.000117997934886 -0.000391021086831 2.36428177758e-05 5.46066994793e-05 -0.000164623582502 -0.000686118482727 0.000102206507334 1.99997246413 2.57118214479e-05 9.2964810399e-05 
0.000110181455798 0.000365118869597 -2.20766582545e-05 -5.09894148141e-05 0.000153718503629 0.000640668274037 -9.54360920239e-05 2.57118214484e-05 1.99997599139 -8.68065882579e-05 
0.000622450030968 0.000872893538396 0.000413759413613 0.000609549407707 0.000225562394847 0.00169521389507 0.000223929869197 9.29648103983e-05 -8.68065882576e-05 1.99898192485 

1.94326419924 -0.0126499506658 0.0151786506959 0.00348452541133 -0.0607853475875 -0.0108461310637 0.0149431160391 -1.66077433843e-05 1.45906255626e-05 0.00107014178616 
-0.0126499506658 1.90566020588 -0.00997474222729 -0.00765994102975 -0.023176585556 -0.0827757031536 -0.0120619687653 -0.000114775888503 0.000100835614986 0.00538850716755 
0.0151786506959 -0.00997474222729 1.96549546187 0.00242347610988 0.00615515006121 -0.0246005629145 -0.0300898689093 8.06386902505e-05 -7.08446000938e-05 -0.00424831820363 
0.00348452541133 -0.00765994102975 0.00242347610988 1.98755225488 0.0211876791637 -0.00585704796305 0.000914597001978 1.93132848614e-05 -1.69675615872e-05 -0.000894609598552 
-0.0607853475875 -0.023176585556 0.00615515006121 0.0211876791637 1.89943843896 -0.0204476217144 0.00783594780822 -3.99544798988e-05 3.51017500311e-05 0.00208991801293 
-0.0108461310637 -0.0827757031536 -0.0246005629145 -0.00585704796306 -0.0204476217144 1.88032548481 -0.0143364011639 -0.000163641500513 0.000143766182574 0.00726637374897 
0.0149431160391 -0.0120619687653 -0.0300898689093 0.000914597001973 0.00783594780821 -0.0143364011639 1.9710435821 9.48010932199e-05 -8.32868876792e-05 -0.00479827554103 
-1.66077433847e-05 -0.000114775888503 8.06386902502e-05 1.93132848616e-05 -3.99544798986e-05 -0.000163641500513 9.48010932201e-05 1.9999969879 2.64626092151e-06 0.000140757467952 
1.45906255631e-05 0.000100835614987 -7.08446000905e-05 -1.6967561588e-05 3.51017500308e-05 0.000143766182573 -8.32868876817e-05 2.64626092131e-06 1.99999767514 -0.00012366156369 
0.00107014178617 0.00538850716755 -0.00424831820362 -0.000894609598549 0.00208991801292 0.00726637374897 -0.00479827554103 0.000140757467952 -0.00012366156369 1.99316928896 

1.92546184381 -0.0033618293102 0.0249968662251 -0.013226482086 -0.0704808441877 0.0146647221637 0.0202542303584 -0.000100277407963 8.21565102305e-05 0.0143923324674 
-0.0033618293102 1.93979528395 0.00852191571474 -0.00785723416794 0.00173635644749 -0.0596874933181 0.00821353762781 -8.95895542518e-05 7.34000337927e-05 0.0104872095744 
0.0249968662251 0.00852191571474 1.57779232112 0.0023756472362 0.0166417408739 0.0103488378083 -0.421553620401 -0.000674084437915 0.000552272203347 0.0446342050715 
-0.013226482086 -0.00785723416794 0.0023756472362 1.98207197278 0.00660601157275 -0.00351803671381 0.000190815804034 -0.000162842688106 0.000133415763797 0.0142356661347 
-0.0704808441877 0.0017363564475 0.0166417408739 0.00660601157275 1.90395119505 0.00948300651024 0.0162021732525 8.78475346016e-05 -7.19728104821e-05 -0.00339913363326 
0.0146647221637 -0.0596874933181 0.0103488378083 -0.00351803671381 0.00948300651024 1.88236165099 0.0255343437881 3.44475178696e-06 -2.82225866192e-06 -0.00894618532099 
0.0202542303584 0.00821353762781 -0.421553620401 0.000190815804035 0.0162021732525 0.0255343437881 1.57489613616 -0.000702168108187 0.000575280938724 0.0501101984247 
-0.000100277407963 -8.95895542518e-05 -0.000674084437915 -0.000162842688106 8.78475346013e-05 3.44475178768e-06 -0.000702168108187 1.99997908808 1.71329758475e-05 0.00194842048834 
8.21565102306e-05 7.34000337923e-05 0.000552272203347 0.000133415763797 -7.19728104819e-05 -2.82225866188e-06 0.000575280938724 1.71329758462e-05 1.99998596308 -0.00159632594302 
0.0143923324674 0.0104872095744 0.0446342050715 0.0142356661347 -0.00339913363327 -0.00894618532098 0.0501101984247 0.00194842048834 -0.00159632594302 1.75794707903 

1.5818332144 0.0589668392651 -0.0283892551518 -0.122765047185 -0.253457264623 0.0549619842871 -0.0303362192029 0.0200306590798 -0.0165012719724 -0.00773234349501 
0.0589668392651 1.46522216105 -0.0285653988429 -0.00835262864384 0.0193353635117 -0.464126642525 -0.0457777028233 -0.0233716993636 0.0191195399115 -0.00891146636688 
-0.0283892551518 -0.0285653988429 1.18137664468 -0.0689903969355 0.0477869432435 -0.0449371474417 -0.816406749024 -0.0234036208602 0.0191591092722 0.000938273419099 
-0.122765047185 -0.00835262864384 -0.0689903969355 1.72158071988 0.237415831418 -0.0306038979656 -0.0690939050596 0.0169553068897 -0.0139057048414 0.00172633824986 
-0.253457264623 0.0193353635117 0.0477869432435 0.237415831418 1.35206228003 0.0250089748951 0.0530023028186 0.00394066276843 -0.00334322768741 -0.0115163992821 
0.0549619842871 -0.464126642525 -0.0449371474417 -0.0306038979656 0.0250089748951 1.14159259116 0.0513358891435 -0.0277281052523 0.0225310231772 -0.00717031347614 
-0.0303362192029 -0.0457777028233 -0.816406749024 -0.0690939050596 0.0530023028186 0.0513358891435 1.15766373717 -0.0223722399461 0.0183442180387 0.000869183953562 
0.0200306590798 -0.0233716993636 -0.0234036208602 0.0169553068897 0.00394066276843 -0.0277281052523 -0.0223722399461 1.95703570832 0.0349541308228 0.00072228987871 
-0.0165012719724 0.0191195399115 0.0191591092722 -0.0139057048414 -0.00334322768741 0.0225310231772 0.0183442180387 0.0349541308228 1.97155509782 -0.000585275715802 
-0.007732343495 -0.00891146636689 0.000938273419099 0.00172633824986 -0.0115163992821 -0.00717031347614 0.000869183953562 0.000722289878711 -0.000585275715802 0.107650194832 

