kV
2.82842712475 2.82842712475 2.82842712475 2.82842712475 2.82842712475 2.82842712475 2.82842712475 2.82842712475 2.82842712475 2.82842712475 

kP
2.0 2.0 2.0 2.0 2.0 2.0 2.0 2.0 2.0 2.0 

Mu_t
0.0 5.32373746686 10.6474749337 15.9712124006 21.2949498675 26.6186873343 31.9424248012 37.266162268 42.5898997349 47.9136372018 53.2373746686 58.5611121355 63.8848496024 69.2085870692 74.5323245361 79.8560620029 85.1797994698 90.5035369367 95.8272744035 101.15101187 

Sigma_t
4.04604047482 

4.04604047482 

4.04604047482 

4.04604047482 

4.04604047482 

4.04604047482 

4.04604047482 

4.04604047482 

4.04604047482 

4.04604047482 

4.04604047482 

4.04604047482 

4.04604047482 

4.04604047482 

4.04604047482 

4.04604047482 

4.04604047482 

4.04604047482 

4.04604047482 

4.04604047482 

Mu_x
-0.0555748587124 -0.0579918847225 -0.0540150519892 -0.00683217249269 -0.0224179698801 -0.0264266903285 -0.0289337967567 -0.00439284632272 -0.00677056092979 0.00226836403383 0.0140529698795 0.0184137216862 0.028450945365 0.044195813449 0.00386644974136 0.0358576519408 -0.00374701320372 0.00882586837329 0.0151930245103 -0.0193573661318 
-0.171407443941 -0.111453405705 -0.120128977846 -0.202824848044 -0.194517206086 -0.195369067218 -0.213121856048 -0.175336502186 -0.170903545957 -0.210128852592 -0.212780292274 -0.215644910868 -0.209349738454 -0.169672495854 -0.0459759540867 0.130418100049 0.0498202621285 0.320908821022 0.0942830942533 0.137446681708 
3.66520666035 3.55785093518 2.79180649483 2.00646081205 2.06441939398 2.28284369282 2.44168586626 2.53114895268 2.53221284609 2.47822182628 2.42453220664 2.372113388 2.34197349185 2.30992264364 1.7112049397 1.95189479223 1.44725078059 1.32634153562 1.27796986993 1.41157768133 
3.12181582699 3.12169933048 3.12183533107 3.12200748242 3.12188455551 3.12219768819 3.12116029008 3.12162666476 3.12158182518 3.12205183196 3.12176578754 3.12172809261 3.12180524448 3.12190159676 3.121789987 3.12179043757 3.12133045393 3.12134518316 3.12126577062 3.12083402614 
0.0138519855826 0.011498459681 0.0184249363104 0.0498447677522 0.0404569285281 0.0383509414914 0.0377447177735 0.0519820455924 0.050780684044 0.0565466789642 0.0623040975907 0.0648390864232 0.0703869020705 0.0792136558918 0.0637915438779 0.0752650649809 0.064406609172 0.0697220613595 0.0689465867975 0.053785087124 
-0.647132867566 -0.598463919041 -0.609161781669 -0.662848036608 -0.651696740868 -0.660295177718 -0.663933317626 -0.593367935888 -0.536666563279 -0.487245030836 -0.444408407117 -0.396970353864 -0.322168248329 -0.273276894616 -0.161566561981 0.0270943363004 -0.0784504469745 0.211561283229 -0.0143722806637 0.02356243365 
2.54946527999 2.44721944506 1.68154545259 0.886553970142 0.923844641346 1.13933402009 1.2502249288 1.32240283408 1.27592414908 1.20226438924 1.13396838394 1.06458270858 1.07812001103 1.05281821697 0.454666405859 0.693707211247 0.192527796983 0.0695462923836 0.020723750793 0.155815032556 
-0.0787026680788 -0.0783508484541 -0.0798350969316 -0.0723932787338 -0.11161955997 -0.0256822026932 -0.00855624339802 -0.0253056864842 -0.0413165653295 -0.064944535511 -0.0860954353664 -0.140973604968 -0.231890337449 -0.577546806884 -0.539645292309 -0.543792492383 -0.559051527709 -0.474883314146 -0.900785023087 1.19202420789 
-0.00109476946043 -0.00121029852949 -0.000722928434411 -0.00316191193487 0.00869941030132 0.103648365226 0.232482920944 0.424215333893 0.661067901082 0.874733734326 1.02387172655 1.2041236162 1.36265465404 1.48160889232 1.46456642821 1.46573056656 1.47648359942 1.41892662996 1.70984952785 0.281286065526 
1.47191516562 -0.267774163117 0.0441260229176 -0.000326949893121 -0.00896269672341 -1.42543061861 -1.54887232667 -1.50637004067 -1.50198394924 -1.48085172228 -1.45905243096 -1.4074507215 -1.31847533351 -0.970323223263 -1.02889540852 -1.00102726055 -1.04715489518 -0.928020931922 -1.49764095283 1.3140566275 

Wp
2.99864570362 0.000571268727833 -5.72380130534e-05 -0.000253336579099 -0.00108185814436 0.000634797430945 -6.64542094493e-05 1.40067008257e-06 -4.59946628738e-07 0.000824763675439 
0.00057126872783 2.99208150136 0.0128294968606 7.82781479255e-05 0.000523967717301 -0.00636854352009 0.0121287421863 -4.35528646028e-05 1.4301721289e-05 0.0013159125238 
-5.72380130525e-05 0.0128294968607 2.97703871905 5.65154248508e-05 -0.000238300389518 0.0102009521241 -0.0217873725196 7.63861530547e-05 -2.50833896148e-05 -0.0021026340532 
-0.0002533365791 7.82781479275e-05 5.65154248475e-05 2.9998880642 -0.000136891254223 0.00010405063543 5.26898979832e-05 -5.13390015058e-08 1.68585058097e-08 -0.000292707099597 
-0.00108185814436 0.0005239677173 -0.000238300389516 -0.000136891254223 2.99902692115 0.000554529482157 -0.000243257319386 1.85858119683e-06 -6.10313705591e-07 0.00163228368392 
0.000634797430945 -0.00636854352009 0.0102009521241 0.000104050635429 0.000554529482156 2.9948290774 0.00965590666488 -3.48112134409e-05 1.14311716813e-05 0.00171869556843 
-6.64542094497e-05 0.0121287421863 -0.0217873725196 5.26898979849e-05 -0.000243257319385 0.00965590666488 2.9793170384 7.24697564978e-05 -2.37973384455e-05 -0.00222346755587 
1.40067008333e-06 -4.35528646015e-05 7.63861530571e-05 -5.13390028291e-08 1.85858119632e-06 -3.48112134406e-05 7.24697564973e-05 2.99999974126 8.49638140947e-08 2.08448928484e-06 
-4.59946626682e-07 1.43017212908e-05 -2.50833896108e-05 1.6858503097e-08 -6.10313707437e-07 1.14311716796e-05 -2.37973384504e-05 8.49637971142e-08 2.9999999721 -6.84496532663e-07 
0.000824763675437 0.0013159125238 -0.0021026340532 -0.000292707099597 0.00163228368392 0.00171869556843 -0.00222346755587 2.08448928481e-06 -6.84496532612e-07 1.01113237835 

2.99153995436 0.0113091643735 0.0180001827567 -0.000707605345985 -0.00559608684441 0.0180390666455 0.0152220924308 -4.46680226185e-06 1.46678950975e-06 0.00195799497952 
0.0113091643735 2.78901160538 0.128350326345 0.000553984205971 0.00658641733153 -0.181579389843 0.115285621951 -7.88114126093e-05 2.58797561347e-05 0.0635689354047 
0.0180001827567 0.128350326345 2.31376766732 0.00142347175745 0.0132445606677 0.0796029288816 -0.665295849718 -0.000128736006746 4.22737818086e-05 0.0981508066007 
-0.00070760534597 0.000553984205947 0.00142347175746 2.99979435781 -0.000392809475841 0.0011227516181 0.00119332701315 -5.91402825387e-07 1.94202341849e-07 0.000289218139978 
-0.00559608684441 0.00658641733153 0.0132445606677 -0.00039280947582 2.99615529053 0.0111679960381 0.0113417243361 1.47691998256e-07 -4.8498469585e-08 -0.00078765888442 
0.0180390666455 -0.181579389843 0.0796029288816 0.00112275161809 0.0111679960381 2.83267331314 0.073019296036 -5.34413899456e-05 1.75488561045e-05 0.0455607261023 
0.0152220924308 0.115285621951 -0.665295849718 0.00119332701316 0.0113417243361 0.073019296036 2.35286526076 -0.00014021681216 4.60437998112e-05 0.106370061458 
-4.46680226199e-06 -7.88114126094e-05 -0.000128736006746 -5.9140282608e-07 1.47691999043e-07 -5.34413899461e-05 -0.00014021681216 2.99999857538 4.6780930881e-07 0.0010882074968 
1.46678951014e-06 2.58797561342e-05 4.22737818091e-05 1.94202342203e-07 -4.84984690427e-08 1.75488561046e-05 4.60437998111e-05 4.67809309404e-07 2.99999984638 -0.000357340944808 
0.00195799497952 0.0635689354047 0.0981508066007 0.000289218139982 -0.00078765888442 0.0455607261023 0.106370061458 0.0010882074968 -0.000357340944808 1.64075765935 

2.71877791719 0.0738952118227 0.0144185085015 -0.00269775225278 -0.159475081416 0.0351605949374 0.0378242559226 -0.000159119030801 5.22480401982e-05 -0.0846062873033 
0.0738952118227 2.64583976545 -0.0715185738582 -0.00230281475663 0.052331442483 -0.230314392434 -0.125927345142 0.000399495803788 -0.000131177815744 -0.0101335297833 
0.0144185085015 -0.0715185738582 2.26337709743 -0.000219684893755 0.0164526181473 -0.055997002916 -0.7433689149 8.98887479752e-06 -2.95157976867e-06 -0.00348383446349 
-0.00269775225279 -0.00230281475663 -0.000219684893749 2.99953968594 -0.000976975574838 -0.00143037837095 -0.00048232218618 4.70689047547e-06 -1.54554805588e-06 0.000189769087403 
-0.159475081416 0.052331442483 0.0164526181473 -0.000976975574863 2.90816404013 0.0267065339344 0.0312148825649 -8.31460320028e-05 2.73016804225e-05 -0.0485299760319 
0.0351605949375 -0.230314392434 -0.055997002916 -0.00143037837096 0.0267065339344 2.84372620531 -0.0883339737575 0.00021360350147 -7.01385112661e-05 -0.0122667907517 
0.0378242559226 -0.125927345142 -0.7433689149 -0.000482322186175 0.0312148825649 -0.0883339737575 2.23991243617 5.15619184895e-05 -1.69307951934e-05 0.00036176648971 
-0.000159119030801 0.000399495803788 8.98887479807e-06 4.70689048513e-06 -8.31460320032e-05 0.000213603501469 5.15619184899e-05 2.99992113615 2.58956117606e-05 0.00310515410729 
5.22480401973e-05 -0.000131177815744 -2.95157976821e-06 -1.54554805567e-06 2.73016804234e-05 -7.01385112663e-05 -1.69307951937e-05 2.58956117608e-05 2.99999149696 -0.00101960363705 
-0.0846062873033 -0.0101335297833 -0.0034838344635 0.000189769087402 -0.0485299760319 -0.0122667907517 0.000361766489711 0.00310515410729 -0.00101960363705 2.77251051548 

2.84699185361 0.107067531656 0.0058032098829 -0.00417611718978 -0.0855971132409 0.0572183065002 0.0296230034544 -0.00194603560569 0.0006368785689 -0.0688754411083 
0.107067531656 2.73680570562 -0.0784828009999 -0.00177814249557 0.0627752723596 -0.141788313335 -0.132151969938 -0.000143307632793 4.70222282333e-05 0.0539839326738 
0.0058032098829 -0.0784828009999 2.39515347309 0.000153525068542 0.00562121435817 -0.0506739406078 -0.611017688405 0.0111506801443 -0.00365394672822 -0.0137021821635 
-0.00417611718979 -0.00177814249557 0.000153525068529 2.99924830037 -0.00220456411286 -0.00122944399272 3.16870249275e-05 -2.38040303495e-05 8.04483980724e-06 -0.00103090009444 
-0.0855971132409 0.0627752723596 0.00562121435816 -0.00220456411288 2.95166348154 0.0336188961468 0.0193787990594 -0.00125044796121 0.000409236852271 -0.039101472824 
0.0572183065002 -0.141788313335 -0.0506739406078 -0.00122944399271 0.0336188961468 2.92191603355 -0.0787043647582 0.000250046264117 -8.12576859675e-05 0.0274660716227 
0.0296230034544 -0.132151969938 -0.611017688405 3.16870249141e-05 0.0193787990594 -0.0787043647582 2.37092916421 0.0100972769052 -0.00331606404726 -0.000292400662081 
-0.00194603560569 -0.000143307632788 0.0111506801443 -2.38040303505e-05 -0.00125044796121 0.000250046264116 0.0100972769052 2.99813233974 0.000601784716026 0.00150866640442 
0.000636878568898 4.70222282318e-05 -0.00365394672822 8.0448398055e-06 0.00040923685227 -8.1257685967e-05 -0.00331606404726 0.000601784716025 2.99980208361 -0.000487964399136 
-0.0688754411083 0.0539839326738 -0.0137021821635 -0.00103090009444 -0.039101472824 0.0274660716227 -0.000292400662082 0.00150866640442 -0.000487964399135 2.94325038864 

2.99573825049 0.00451372453201 0.00170654967221 6.37594396819e-05 -0.00218827771873 0.00244775337972 0.00250658361477 -0.00112933216794 0.00162554546873 -0.00542690413333 
0.004513724532 2.95965822346 0.00233236044671 0.000587089792403 0.00138704226116 -0.0191885263423 -0.00854427167591 -0.000627201457756 -0.00422328517744 0.0254755217375 
0.00170654967221 0.00233236044671 2.90911325383 0.000265928316336 0.000613767627566 0.00322750020765 -0.0717209378471 0.0207467007569 -0.0194451860849 0.202996852119 
6.37594396842e-05 0.0005870897924 0.000265928316335 2.99966072741 0.000305488950128 0.000228330922089 0.000683938830468 0.000416129145085 -0.000144822592602 0.00120368499386 
-0.00218827771874 0.00138704226117 0.000613767627566 0.000305488950123 2.99847405341 0.000942501766925 0.000791191291434 -0.000634515355128 0.000976953276227 -0.00312206099724 
0.00244775337972 -0.0191885263423 0.00322750020765 0.000228330922083 0.00094250176693 2.99011688366 -0.00239834537001 -0.000617718277918 -0.00223407007684 0.007120207025 
0.00250658361477 -0.00854427167592 -0.0717209378471 0.000683938830465 0.000791191291437 -0.00239834537 2.93441258552 0.00415836339166 -0.0180763613697 0.197184403498 
-0.00112933216793 -0.000627201457755 0.0207467007569 0.000416129145082 -0.000634515355126 -0.000617718277914 0.00415836339166 2.96780892758 0.00249866730793 0.0287087065532 
0.00162554546874 -0.00422328517746 -0.0194451860849 -0.000144822592608 0.000976953276234 -0.00223407007685 -0.0180763613697 0.00249866730792 2.98351964422 0.136647346462 
-0.00542690413333 0.0254755217375 0.202996852119 0.00120368499386 -0.00312206099724 0.007120207025 0.197184403498 0.0287087065532 0.136647346462 1.56028252551 

2.99256921789 0.00188417317702 -0.00121031013543 -0.000849561883201 -0.0034966356914 0.00255988480228 0.000299264107021 0.00089558395653 -0.00265546860245 -0.00487862969779 
0.00188417317703 2.93420684146 -0.00205631334639 -0.000496685975378 0.000194883287522 -0.0354523770492 -0.0161884282499 0.00177429251037 0.00345662553033 -0.00767956105433 
-0.00121031013544 -0.0020563133464 2.91187261585 0.000886853626716 -0.00125601063053 0.00139722625316 -0.0763853406255 -0.0212614099905 -0.0211711367244 0.156172925927 
-0.0008495618832 -0.000496685975381 0.000886853626718 2.99964590476 -0.000245404528445 -1.57663635239e-05 0.00068633793672 5.211218932e-05 -8.95103889723e-05 0.000952163136417 
-0.00349663569141 0.000194883287518 -0.00125601063052 -0.000245404528445 2.99790764361 0.000615639771854 -0.000423139918026 0.000123767681904 -0.00121542183401 -0.00143407587621 
0.00255988480228 -0.0354523770492 0.00139722625315 -1.57663635234e-05 0.000615639771855 2.9796170908 -0.00695403010827 0.00104343509843 0.00376499003649 -0.0153327681588 
0.000299264107022 -0.0161884282499 -0.0763853406255 0.000686337936719 -0.000423139918023 -0.00695403010827 2.92803355248 -0.0200468287459 -0.0131888344972 0.157852608074 
0.000895583956543 0.00177429251036 -0.0212614099905 5.21121893232e-05 0.000123767681904 0.00104343509842 -0.020046828746 2.9828220251 -0.00680515084891 0.141518116223 
-0.00265546860247 0.00345662553032 -0.0211711367244 -8.95103889735e-05 -0.00121542183402 0.00376499003649 -0.0131888344972 -0.00680515084891 2.97786790521 0.0617584125798 
-0.00487862969779 -0.00767956105433 0.156172925927 0.000952163136417 -0.00143407587621 -0.0153327681588 0.157852608074 0.141518116223 0.0617584125798 1.42608273075 

2.97195196311 0.0102901699654 -0.00290360754213 8.99143700263e-06 -0.0167639077777 -0.00202149556288 0.00109518613287 0.00245191405612 -0.0276400493803 -0.0114394480668 
0.0102901699654 2.82866140527 -0.0215883935644 -0.00465541423739 0.0116101241939 -0.0945245556056 -0.0453757209155 0.00252718422736 -0.0314208066484 -0.00572476383592 
-0.00290360754213 -0.0215883935644 2.92405914738 -0.000367815948751 -0.00084566581677 -0.0419086655981 -0.0662017182691 0.00518399001059 -0.119087454606 0.00448220597499 
8.99143700124e-06 -0.0046554142374 -0.000367815948746 2.99955544795 0.00047202897864 -0.00259752820285 -0.000693697992055 0.000126446590805 -0.00168431258152 -0.000931873558994 
-0.0167639077777 0.0116101241939 -0.000845665816765 0.000472028978639 2.98919037473 0.00169516367749 0.00192143410991 0.00124446433164 -0.0152828089777 -0.0045620879043 
-0.00202149556288 -0.0945245556056 -0.0419086655981 -0.00259752820284 0.00169516367749 2.91829559781 -0.0543066330773 0.00688022457381 -0.101545066378 -0.0101711990572 
0.00109518613286 -0.0453757209155 -0.0662017182691 -0.000693697992063 0.00192143410991 -0.0543066330773 2.9324065673 0.0046347471931 -0.105799956648 0.00601524271518 
0.00245191405612 0.00252718422735 0.00518399001058 0.000126446590807 0.00124446433164 0.00688022457382 0.00463474719309 2.99665772506 0.0178225080206 0.0183574606246 
-0.0276400493803 -0.0314208066484 -0.119087454606 -0.00168431258152 -0.0152828089777 -0.101545066378 -0.105799956648 0.0178225080206 2.71504119885 -0.0248147912571 
-0.0114394480668 -0.0057247638359 0.00448220597498 -0.000931873559003 -0.00456208790431 -0.0101711990572 0.00601524271516 0.0183574606246 -0.024814791257 2.86041325034 

2.98358246395 -0.00891036947754 -0.00583240376558 -0.000321915810364 -0.00984352047348 -0.00168595193641 -0.0040207470277 0.000143150710094 -0.00087414796229 -0.00312925238874 
-0.00891036947754 2.95931376161 -0.00581177918003 0.000994335186422 -0.00681448061092 -0.0202842153156 -0.00811145919801 0.000599711224294 -0.00765687810622 -0.00284848377072 
-0.00583240376559 -0.00581177918004 2.98042026694 -0.000349231991687 -0.00362347612062 -0.015508575061 -0.0185347916624 0.00265097925922 -0.0356667811723 -0.00700574336127 
-0.000321915810363 0.000994335186415 -0.000349231991686 2.99971627761 6.51707684052e-05 0.00021989716118 -0.000383487936423 3.05521865734e-05 -0.000460287661979 -0.000253877279592 
-0.00984352047348 -0.00681448061091 -0.00362347612061 6.5170768406e-05 2.99336455852 -0.00164401738318 -0.00185802474453 8.76940805662e-05 -0.000519302642032 -0.00187008967495 
-0.00168595193642 -0.0202842153156 -0.015508575061 0.000219897161177 -0.00164401738318 2.9557919065 -0.0213622634293 0.00575079975205 -0.0855635506797 -0.0037895158614 
-0.0040207470277 -0.00811145919801 -0.0185347916625 -0.000383487936425 -0.00185802474453 -0.0213622634293 2.97035008152 0.00233757444374 -0.0295185692902 -0.00671147113324 
0.000143150710094 0.000599711224295 0.00265097925922 3.0552186573e-05 8.76940805661e-05 0.00575079975205 0.00233757444374 2.998931986 0.0158095262216 0.000648749440032 
-0.000874147962284 -0.00765687810622 -0.0356667811723 -0.000460287661979 -0.00051930264203 -0.0855635506797 -0.0295185692902 0.0158095262216 2.76136668514 -0.00726250033737 
-0.00312925238873 -0.00284848377073 -0.00700574336128 -0.000253877279583 -0.00187008967496 -0.00378951586139 -0.00671147113324 0.000648749440031 -0.00726250033737 2.99587909694 

2.97877584836 0.00789343905826 0.00187731051913 -0.000630714385295 -0.0115777368365 0.00324322536057 0.00494507937952 0.000873018228813 -0.00884624015612 -0.00640989175456 
0.00789343905826 2.86069972126 -0.0254499589402 0.000800720421295 0.00249411714305 -0.073147059554 -0.0478036899615 -0.00114569325599 0.0100775634839 -0.00119031055825 
0.00187731051913 -0.0254499589402 2.98314596895 -0.000254460079795 0.00199523173962 -0.00608981359468 -0.0259080192516 -0.00270764658595 0.026300065735 0.00102018048319 
-0.000630714385298 0.000800720421308 -0.000254460079793 2.99952525122 -4.78091082228e-05 0.000696623079422 -0.000195449786419 2.22051823678e-05 -0.000220493010985 -0.000196798156392 
-0.0115777368365 0.00249411714304 0.00199523173963 -4.78091082195e-05 2.99309568339 0.000382346635127 0.00353101979455 0.000489525182804 -0.00490587499683 -0.00325563944327 
0.00324322536057 -0.073147059554 -0.00608981359468 0.000696623079425 0.000382346635135 2.95229309075 -0.00940457912819 0.00273651841463 -0.0316364372231 -0.00324035772031 
0.00494507937952 -0.0478036899615 -0.0259080192516 -0.000195449786416 0.00353101979455 -0.00940457912819 2.94955132759 -0.00635393007818 0.070776660871 0.00402676417761 
0.000873018228814 -0.001145693256 -0.00270764658595 2.22051823665e-05 0.000489525182803 0.00273651841462 -0.00635393007818 2.99862509597 0.0150446785525 0.00139135591969 
-0.00884624015612 0.0100775634839 0.026300065735 -0.000220493010992 -0.00490587499682 -0.0316364372231 0.070776660871 0.0150446785525 2.8253905161 -0.0142718372865 
-0.00640989175455 -0.00119031055828 0.00102018048319 -0.0001967981564 -0.00325563944327 -0.0032403577203 0.00402676417761 0.00139135591969 -0.0142718372865 2.99594248761 

2.96170754115 -0.0125424133448 0.00298900900878 -0.0010370184432 -0.0204992285773 -0.00945866461238 -0.000692966077733 0.00145385546159 -0.0122330445357 -0.00655297407549 
-0.0125424133448 2.88919215977 -0.0229295672172 -0.00229136194725 -0.00512003548432 -0.0564505542865 -0.0384754125948 -0.0013462458627 0.00976759326536 0.00138467950408 
0.00298900900878 -0.0229295672172 2.98032992901 -2.13123874417e-05 0.00198009181857 0.00501295510655 -0.0213291967406 -0.00596620488252 0.0459860186729 0.00404712664537 
-0.0010370184432 -0.00229136194725 -2.13123874368e-05 2.9996857049 -0.000254466383322 -0.0010222608509 -0.000357437684232 -4.69148454172e-05 0.000324581684011 -2.91582343784e-05 
-0.0204992285773 -0.00512003548432 0.00198009181857 -0.000254466383321 2.98837684877 -0.00474030327697 4.29560243888e-05 0.000793034706512 -0.00686018689262 -0.00381243252869 
-0.00945866461237 -0.0564505542865 0.00501295510656 -0.0010222608509 -0.00474030327698 2.93997892896 -0.00558198767158 0.00953136289077 -0.0750793323165 -0.007674223846 
-0.000692966077732 -0.0384754125948 -0.0213291967406 -0.000357437684233 4.29560243906e-05 -0.00558198767158 2.97310371713 -0.00553009804744 0.0420451133866 0.0036263716611 
0.00145385546159 -0.0013462458627 -0.00596620488252 -4.69148454128e-05 0.000793034706508 0.00953136289077 -0.00553009804744 2.99639051084 0.0277126703156 0.00325621938205 
-0.0122330445357 0.00976759326536 0.0459860186729 0.000324581684005 -0.00686018689262 -0.0750793323165 0.0420451133866 0.0277126703156 2.78433241959 -0.0249590820145 
-0.00655297407549 0.00138467950406 0.00404712664538 -2.91582343759e-05 -0.00381243252869 -0.00767422384598 0.0036263716611 0.00325621938205 -0.0249590820145 2.99248780396 

2.97650748046 -0.0126830176111 -0.000731723774212 0.000464819542125 -0.0138834806509 -0.00879893589967 -0.00221717907613 0.00222573317354 -0.0109696300903 -0.00860629154604 
-0.0126830176111 2.94295626813 -0.0076399665695 0.000477654514027 -0.00712019317225 -0.0410266624615 -0.0167118889088 0.00561627287065 -0.0327580420073 -0.00715113743972 
-0.000731723774207 -0.0076399665695 2.98092881064 0.000351238886882 -0.000559553928134 0.00224731687524 -0.0258424762544 -0.00570669101798 0.0269425481435 0.00507010297353 
0.000464819542129 0.000477654514033 0.000351238886899 2.999684787 0.000453410679508 0.000177916469779 0.000326926960777 4.80039968657e-05 -0.00013313930025 6.41001276741e-05 
-0.0138834806509 -0.00712019317225 -0.000559553928133 0.000453410679518 2.99147294559 -0.00517105180954 -0.00162245425896 0.00128753246299 -0.00627130850978 -0.00516592538511 
-0.00879893589967 -0.0410266624615 0.00224731687525 0.000177916469793 -0.00517105180954 2.94297940144 -0.0142431774816 0.0157464017092 -0.0838487365016 -0.0154755313025 
-0.00221717907613 -0.0167118889088 -0.0258424762544 0.000326926960781 -0.00162245425896 -0.0142431774816 2.95576820911 -0.00272426876893 0.0096575881225 0.00257566764653 
0.00222573317354 0.00561627287065 -0.00570669101797 4.80039968633e-05 0.00128753246299 0.0157464017092 -0.00272426876893 2.99242880474 0.0343311797981 0.00749205294055 
-0.0109696300903 -0.0327580420073 0.0269425481435 -0.000133139300257 -0.00627130850978 -0.0838487365016 0.00965758812251 0.0343311797981 2.82626678172 -0.0336738346258 
-0.00860629154605 -0.00715113743972 0.00507010297352 6.41001276703e-05 -0.00516592538512 -0.0154755313025 0.00257566764652 0.00749205294055 -0.0336738346258 2.98998893296 

2.99501408472 0.00403340582092 0.00282922922014 -0.000153694970336 -0.00290612111015 -0.00098884684858 0.00275332849282 0.00436821382065 -0.0101632194336 -0.00521189222729 
0.00403340582092 2.92920309194 -0.0150724549463 -0.000830187603157 0.00320408996573 -0.0249051794856 -0.0193393542967 -0.00983968139702 0.0284880425829 0.009066785085 
0.00282922922015 -0.0150724549463 2.98708971133 -0.000255193209987 0.00172803372337 0.00739126912009 -0.0134709394411 -0.0189697180352 0.0467887212281 0.0185734219165 
-0.000153694970329 -0.000830187603156 -0.000255193209992 2.99961690061 0.000117917110636 -0.000748766395312 -0.000260620736778 0.00027249953216 -0.000521255706212 -0.000116530546877 
-0.00290612111015 0.00320408996573 0.00172803372339 0.000117917110648 2.99799288447 -0.000124312018532 0.00164134451458 0.00252995606613 -0.00604596947242 -0.00302818883428 
-0.000988846848582 -0.0249051794856 0.00739126912009 -0.000748766395309 -0.000124312018532 2.96171152196 0.000201274347267 0.0309422708225 -0.0708428017077 -0.0298128929383 
0.00275332849281 -0.0193393542967 -0.0134709394411 -0.000260620736781 0.00164134451459 0.000201274347269 2.98063079727 -0.0151019024197 0.0389568915505 0.0147956738276 
0.00436821382065 -0.00983968139702 -0.0189697180352 0.000272499532161 0.00252995606613 0.0309422708225 -0.0151019024197 2.95124742662 0.10533694258 0.0471436476736 
-0.0101632194336 0.0284880425829 0.0467887212281 -0.000521255706214 -0.00604596947242 -0.0708428017077 0.0389568915505 0.10533694258 2.75072344559 -0.101733980658 
-0.00521189222729 0.00906678508499 0.0185734219165 -0.000116530546875 -0.00302818883428 -0.0298128929383 0.0147956738276 0.0471436476736 -0.101733980658 2.95381857014 

2.9875182714 0.00798846680857 0.00683496909124 -0.00110486519356 -0.0069688644985 0.00178379139341 0.00498507604207 0.0158310871544 -0.0125244256924 -0.0185242334324 
0.00798846680858 2.94059870937 -0.0054299731172 0.00165856108336 0.00332657595591 -0.0287280295271 -0.00760613928031 0.0162679415217 0.00151254235943 -0.0153671431798 
0.00683496909125 -0.00542997311719 2.99119367857 0.00088254421745 0.00360431098307 0.00189740512073 -0.00314602741236 -0.017292449416 0.0125750804413 0.0183960533019 
-0.00110486519357 0.00165856108336 0.000882544217453 2.99956858455 -0.00037088440795 0.00090166557849 0.000704598994335 0.000207988329059 -0.000350787049332 -0.000307196569415 
-0.00696886449851 0.0033265759559 0.00360431098307 -0.000370884407944 2.99572231889 0.000555088018078 0.00256033029633 0.00900906726597 -0.00674306600776 -0.0105412750686 
0.0017837913934 -0.0287280295271 0.00189740512074 0.000901665578488 0.000555088018072 2.96535948676 -0.00985610216903 0.0514397341664 -0.0454792367046 -0.0501215044463 
0.00498507604207 -0.00760613928032 -0.00314602741235 0.000704598994333 0.00256033029633 -0.00985610216904 2.98705117561 -0.00777813228672 0.000834667104552 0.00906073070895 
0.0158310871544 0.0162679415217 -0.017292449416 0.00020798832906 0.00900906726598 0.0514397341663 -0.00777813228672 2.77108209578 0.13756126464 0.229155865575 
-0.0125244256924 0.00151254235942 0.0125750804413 -0.000350787049332 -0.00674306600776 -0.0454792367046 0.000834667104546 0.13756126464 2.86739332325 -0.136253190923 
-0.0185242334324 -0.0153671431798 0.0183960533019 -0.000307196569413 -0.0105412750686 -0.0501215044463 0.00906073070895 0.229155865575 -0.136253190923 2.76925864645 

2.99129971711 0.0141395452395 -0.0110804815529 0.00136199404108 -0.00612716230789 0.0104021628939 -0.0111443742906 0.0169941830501 -0.00575752296174 -0.0202079372638 
0.0141395452395 2.88670615584 0.110253048613 -0.000222308116901 0.00610604337917 -0.0792745476551 0.107609104183 -0.00322183424674 0.0046389755573 0.00950576587619 
-0.0110804815529 0.110253048613 2.46045610465 -0.00076170411135 -0.00396033560826 0.0604523360941 -0.53594712562 0.0142008883508 -0.0111056164427 -0.0196270230881 
0.00136199404108 -0.0002223081169 -0.000761704111351 2.99936999625 0.00164958210832 0.000114884956657 -0.000758443599346 -0.00323281196757 0.000412620771894 0.00362562961245 
-0.0061271623079 0.00610604337917 -0.00396033560826 0.00164958210831 2.99428121163 0.00413242013814 -0.00398948101819 0.00970989383497 -0.00228420986465 -0.0116361377783 
0.0104021628939 -0.0792745476551 0.0604523360941 0.000114884956657 0.00413242013813 2.93515302619 0.0593331437749 0.0270265609793 -0.00410704092422 -0.0220015589149 
-0.0111443742906 0.107609104183 -0.53594712562 -0.000758443599346 -0.00398948101819 0.0593331437749 2.46743380229 0.0159599950754 -0.0118677892772 -0.0214118678223 
0.0169941830501 -0.00322183424675 0.0142008883508 -0.00323281196757 0.00970989383497 0.0270265609793 0.0159599950754 2.53871090081 0.1120654071 0.466421280021 
-0.00575752296175 0.00463897555728 -0.0111056164427 0.000412620771899 -0.00228420986466 -0.00410704092423 -0.0118677892772 0.1120654071 2.96325757453 -0.113731750975 
-0.0202079372638 0.0095057658762 -0.0196270230881 0.00362562961245 -0.0116361377783 -0.0220015589149 -0.0214118678223 0.466421280021 -0.113731750975 2.52667602989 

2.96944745127 0.0744191512649 -0.0322175687342 -0.000649292728211 -0.00939027897012 0.0764125731411 -0.0314723686562 0.00107086752737 -0.000465082656761 -0.0171427825959 
0.0744191512649 2.43585159175 0.0534144612536 0.00122318298632 0.0238139365528 -0.567463226563 0.0513214324244 -0.000996179424497 0.000437726102374 0.0403896256574 
-0.0322175687342 0.0534144612536 2.58702010063 0.000589127647875 -0.0126715629094 0.0420161416815 -0.411886231919 0.0172570694436 -0.0075809067578 -0.0368182042554 
-0.000649292728212 0.00122318298632 0.000589127647873 2.99962077052 -1.66580819715e-05 0.000654798301305 0.000671228422282 1.22527951331e-05 -6.97641960208e-06 -0.000192719134232 
-0.00939027897012 0.0238139365528 -0.0126715629094 -1.66580819628e-05 2.99651827859 0.024487761005 -0.0124758763651 0.00042848125397 -0.000183755594354 -0.0051915054373 
0.0764125731411 -0.567463226563 0.0420161416815 0.000654798301304 0.024487761005 2.41969854152 0.0407203871694 7.66321467925e-05 -2.80000041174e-05 0.0408421364305 
-0.0314723686562 0.0513214324244 -0.411886231919 0.000671228422282 -0.0124758763651 0.0407203871694 2.5891075904 0.0171926786019 -0.0075526432592 -0.0364082210115 
0.00107086752738 -0.000996179424508 0.0172570694436 1.22527951329e-05 0.000428481253976 7.66321468028e-05 0.0171926786019 2.99848488657 0.000601196480718 0.00228311475892 
-0.000465082656763 0.000437726102378 -0.0075809067578 -6.97641959874e-06 -0.000183755594353 -2.80000041215e-05 -0.0075526432592 0.000601196480718 2.99974797021 -0.000936181410428 
-0.0171427825959 0.0403896256574 -0.0368182042554 -0.000192719134242 -0.00519150543729 0.0408421364305 -0.0364082210115 0.00228311475892 -0.00093618141043 2.98789550347 

2.97154844245 0.0175028842071 -0.00103498885324 -0.000568032865356 -0.0101222567896 0.0116421280698 0.000190210183646 -0.000420984326671 0.000363183281382 -0.0146549723261 
0.0175028842071 2.58713205593 0.0651066328429 0.000903983827445 0.0106802658121 -0.382973628793 0.0624837053493 -0.00250854050359 0.00216411873996 -0.00519206389932 
-0.00103498885324 0.0651066328429 2.47126365645 0.000141649260883 -0.00327358181223 0.0148292477636 -0.524492310428 -0.00306539726103 0.00264451913119 -0.0107712588719 
-0.000568032865344 0.000903983827449 0.000141649260884 2.9997937859 0.000144131205586 0.000305525293259 0.000219622839042 -8.15878283108e-06 7.03858460298e-06 -0.000112096093964 
-0.0101222567896 0.0106802658122 -0.00327358181223 0.000144131205595 2.99516061328 0.00730871125564 -0.00279059171977 -9.94205374771e-05 8.57701175574e-05 -0.00480397523599 
0.0116421280698 -0.382973628793 0.0148292477636 0.000305525293261 0.00730871125564 2.61302599309 0.0151266116261 -0.00243208512924 0.00209816065312 -0.00567152228085 
0.000190210183646 0.0624837053493 -0.524492310428 0.000219622839042 -0.00279059171978 0.0151266116261 2.47947681542 -0.00306222804912 0.00264178505299 -0.0103286180906 
-0.000420984326673 -0.00250854050359 -0.00306539726103 -8.1587828137e-06 -9.94205374719e-05 -0.00243208512924 -0.00306222804912 2.99989689608 8.89477908728e-05 -0.000549479499307 
0.000363183281387 0.00216411873996 0.00264451913119 7.03858459079e-06 8.57701175515e-05 0.00209816065312 0.00264178505299 8.8947790868e-05 2.99992326471 0.000474036130148 
-0.0146549723261 -0.00519206389932 -0.0107712588719 -0.000112096093951 -0.00480397523598 -0.00567152228085 -0.0103286180906 -0.000549479499306 0.000474036130152 2.98987037038 

2.97677543136 0.0318958315927 -0.00770172334347 -0.000300915290384 -0.00575013013988 0.036362967751 -0.00733460721217 -0.00383101949166 0.00263204480632 -0.0163776512568 
0.0318958315927 2.51894828328 0.0937341536267 0.00187639091728 0.00514712261257 -0.476467772069 0.0919855614234 -0.0137000382317 0.00941240694615 0.00663303700942 
-0.00770172334347 0.0937341536267 2.49500654422 -0.000910238866162 0.000460534284508 0.0758691774574 -0.502848186651 -0.018036528637 0.0123917280051 -0.0347600741601 
-0.000300915290385 0.00187639091728 -0.00091023886616 2.99973218421 0.000196558751208 0.0014624074344 -0.00085576359505 -8.81460884824e-05 6.05594554911e-05 -0.000217449126184 
-0.00575013013987 0.00514712261258 0.000460534284523 0.000196558751212 2.9978348234 0.00581247781231 0.000555608178116 -0.00120055308889 0.000824822094797 -0.00437232584573 
0.036362967751 -0.476467772069 0.0758691774574 0.00146240743441 0.0058124778123 2.51050762228 0.0755419948778 -0.0181933031156 0.0124994375725 0.00274115172128 
-0.00733460721217 0.0919855614234 -0.502848186651 -0.000855763595039 0.000555608178114 0.0755419948778 2.49915457591 -0.0175176427815 0.0120352352168 -0.0338526021946 
-0.00383101949166 -0.0137000382317 -0.018036528637 -8.81460884858e-05 -0.00120055308888 -0.0181933031156 -0.0175176427815 2.99069108074 0.00639555414861 -0.015169287241 
0.00263204480632 0.00941240694615 0.0123917280051 6.0559455493e-05 0.000824822094794 0.0124994375725 0.0120352352168 0.00639555414861 2.9956060299 0.0104218325657 
-0.0163776512568 0.00663303700942 -0.0347600741601 -0.000217449126188 -0.00437232584572 0.00274115172128 -0.0338526021946 -0.015169287241 0.0104218325657 2.9686250095 

2.9943770942 0.0110471984848 0.0167434370384 0.000127118022737 -0.00200372125595 0.0153299948144 0.0165995422705 0.000547518531187 -0.000374069407875 -0.00261673310196 
0.0110471984848 2.74741022519 0.0269610421025 -0.00118681915624 0.00471159385315 -0.226101017497 0.0241805312539 -0.135340731971 0.0924659615361 -0.171740772696 
0.0167434370384 0.0269610421025 2.4347114319 -0.00130622643801 0.00130064767821 -0.0670446258147 -0.558046932338 0.0334153158711 -0.022829633527 0.0530213447297 
0.00012711802275 -0.00118681915624 -0.00130622643801 2.99849029018 0.00195335349451 -0.00111700365822 -0.00124291090976 0.000164185424615 -0.00011217290565 0.000844164314458 
-0.00200372125596 0.00471159385314 0.00130064767821 0.0019533534945 2.9958045507 0.00273889759229 0.00139550171089 -0.00158472490677 0.0010826977964 -0.00345286092445 
0.0153299948143 -0.226101017497 -0.0670446258147 -0.00111700365824 0.0027388975923 2.75831435432 -0.0665551083174 -0.143216324904 0.0978466349121 -0.17985429482 
0.0165995422705 0.0241805312539 -0.558046932338 -0.00124291090976 0.0013955017109 -0.0665551083174 2.44892320529 0.0340008413469 -0.0232296696088 0.0537458287863 
0.00054751853118 -0.135340731971 0.0334153158711 0.000164185424617 -0.00158472490677 -0.143216324904 0.0340008413469 2.83665232572 0.111600547352 -0.219472495092 
-0.000374069407873 0.0924659615361 -0.022829633527 -0.000112172905654 0.00108269779641 0.0978466349121 -0.0232296696088 0.111600547352 2.92375353843 0.149945511555 
-0.00261673310196 -0.171740772696 0.0530213447297 0.000844164314454 -0.00345286092444 -0.17985429482 0.0537458287863 -0.219472495092 0.149945511555 2.70212744067 

2.99393001126 0.0101495130372 3.27610393235e-05 -0.000433107815372 -0.00161797916188 0.00951128615398 0.000287820912825 0.00624267421616 -0.00426515633807 0.00498741554686 
0.0101495130372 2.61738046527 0.111382142966 -0.000194549698439 -0.00233006808662 -0.375336789945 0.110190820075 -0.0495227711556 0.0338264148911 -0.0576032078829 
3.27610393199e-05 0.111382142966 2.95556550658 0.000182999713113 0.00111336729905 0.108705343704 -0.0441563195564 -0.0337415989669 0.0230512485656 -0.0463968624843 
-0.000433107815369 -0.000194549698453 0.000182999713112 2.99949206538 -7.26660853674e-05 -0.000191352387049 0.000198771738485 3.36204742235e-05 -2.29519052885e-05 0.000156313963064 
-0.00161797916188 -0.00233006808664 0.00111336729905 -7.26660853652e-05 2.9986847845 -0.00243054984133 0.00113662755189 0.00281598981476 -0.00192371730621 0.00329420795814 
0.00951128615397 -0.375336789945 0.108705343704 -0.000191352387038 -0.00243054984134 2.63110333965 0.107613114487 -0.049366003211 0.0337190460904 -0.0578064442962 
0.000287820912823 0.110190820075 -0.0441563195564 0.000198771738486 0.00113662755189 0.107613114487 2.95610268689 -0.0339519742511 0.0231950112289 -0.0465140949554 
0.00624267421616 -0.0495227711557 -0.0337415989669 3.36204742188e-05 0.00281598981476 -0.049366003211 -0.0339519742511 2.4435255603 0.380090800492 -0.749681883433 
-0.00426515633807 0.0338264148911 0.0230512485656 -2.29519052868e-05 -0.00192371730621 0.0337190460904 0.0231950112289 0.380090800492 2.74037216956 0.512101910185 
0.00498741554686 -0.0576032078829 -0.0463968624843 0.000156313963067 0.00329420795814 -0.0578064442962 -0.0465140949554 -0.749681883433 0.512101910185 1.98737380236 

2.96855572752 -0.00773341050558 0.00810429631718 -0.00460214806479 -0.0165504798946 -0.00142825533202 0.008340224169 -0.00180412726533 -0.0132633703559 0.000124000155371 
-0.00773341050558 2.43296829623 0.0060050974593 -0.00272159207667 -0.0050895781446 -0.512504126946 0.00097325639406 -0.00888649553348 0.0327171624789 0.000638052726103 
0.00810429631716 0.00600509745928 2.15599104891 -0.000924179993529 0.00599592706337 -0.038950859549 -0.839872496929 0.0080090068998 0.0246757086219 -4.06338185695e-05 
-0.00460214806481 -0.00272159207667 -0.000924179993528 2.99672136379 -0.00100414500268 -0.00352565870349 -0.000648927634091 0.00140262774395 3.93449623159e-05 -3.28401704429e-06 
-0.0165504798946 -0.00508957814459 0.00599592706337 -0.00100414500267 2.98616128081 -0.00473922542258 0.00611480390438 -0.00234667828585 -0.0128188358134 6.7471356755e-05 
-0.00142825533202 -0.512504126946 -0.038950859549 -0.0035256587035 -0.00473922542258 2.47982530619 -0.0384775856107 -0.0158794127558 0.0220947514922 0.000736413314467 
0.008340224169 0.000973256394059 -0.839872496929 -0.000648927634089 0.00611480390438 -0.0384775856107 2.16373863857 0.00866703681857 0.0257079840619 -5.35761978159e-05 
-0.00180412726533 -0.00888649553348 0.0080090068998 0.00140262774395 -0.00234667828585 -0.0158794127558 0.00866703681857 1.01382155593 0.0128370887327 0.000361033722316 
-0.0132633703559 0.0327171624789 0.0246757086219 3.93449623157e-05 -0.0128188358134 0.0220947514922 0.0257079840619 0.0128370887327 1.03925958916 0.00123914029789 
0.000124000155361 0.000638052726104 -4.06338185699e-05 -3.28401704407e-06 6.74713567466e-05 0.000736413314466 -5.3576197819e-05 0.000361033722318 0.00123914029789 1.00004523593 

